,Cement (component 1)(kg in a m^3 mixture),Blast Furnace Slag (component 2)(kg in a m^3 mixture),Fly Ash (component 3)(kg in a m^3 mixture),Water  (component 4)(kg in a m^3 mixture),Superplasticizer (component 5)(kg in a m^3 mixture),Coarse Aggregate  (component 6)(kg in a m^3 mixture),Fine Aggregate (component 7)(kg in a m^3 mixture),Age (day),"Concrete compressive strength(MPa, megapascals) ",cluster,Unnamed: 0,Unnamed: 0.1,Predict
0,540.0,0.0,0.0,162.0,2.5,1040.0,676.0,28.0,79.99,0,0,0,76.58134
1,540.0,0.0,0.0,162.0,2.5,1055.0,676.0,28.0,61.89,0,1,1,62.253002
2,332.5,142.5,0.0,228.0,0.0,932.0,594.0,270.0,40.27,0,2,2,39.929085
3,332.5,142.5,0.0,228.0,0.0,932.0,594.0,365.0,41.05,0,3,3,39.929085
4,198.6,132.4,0.0,192.0,0.0,978.4,825.5,360.0,44.3,2,0,4,43.749588
5,266.0,114.0,0.0,228.0,0.0,932.0,670.0,90.0,47.03,2,1,5,47.090443
6,380.0,95.0,0.0,228.0,0.0,932.0,594.0,365.0,43.7,0,4,6,43.16686
7,380.0,95.0,0.0,228.0,0.0,932.0,594.0,28.0,36.45,0,5,7,38.227276
8,266.0,114.0,0.0,228.0,0.0,932.0,670.0,28.0,45.85,2,2,8,44.62752
9,475.0,0.0,0.0,228.0,0.0,932.0,594.0,28.0,39.29,0,6,9,39.446014
10,198.6,132.4,0.0,192.0,0.0,978.4,825.5,90.0,38.07,2,3,10,40.93875
11,198.6,132.4,0.0,192.0,0.0,978.4,825.5,28.0,28.02,2,4,11,28.820621
12,427.5,47.5,0.0,228.0,0.0,932.0,594.0,270.0,43.01,0,7,12,43.281002
13,190.0,190.0,0.0,228.0,0.0,932.0,670.0,90.0,42.33,2,5,13,46.328415
14,304.0,76.0,0.0,228.0,0.0,932.0,670.0,28.0,47.81,0,8,14,46.839325
15,380.0,0.0,0.0,228.0,0.0,932.0,670.0,90.0,52.91,0,9,15,49.83594
16,139.6,209.4,0.0,192.0,0.0,1047.0,806.9,90.0,39.36,2,6,16,39.373154
17,342.0,38.0,0.0,228.0,0.0,932.0,670.0,365.0,56.14,0,10,17,54.876728
18,380.0,95.0,0.0,228.0,0.0,932.0,594.0,90.0,40.56,0,11,18,40.233387
19,475.0,0.0,0.0,228.0,0.0,932.0,594.0,180.0,42.62,0,12,19,42.163177
20,427.5,47.5,0.0,228.0,0.0,932.0,594.0,180.0,41.84,0,13,20,41.528244
21,139.6,209.4,0.0,192.0,0.0,1047.0,806.9,28.0,28.24,2,7,21,27.117306
22,139.6,209.4,0.0,192.0,0.0,1047.0,806.9,3.0,8.06,2,8,22,8.113305
23,139.6,209.4,0.0,192.0,0.0,1047.0,806.9,180.0,44.21,2,9,23,40.18806
24,380.0,0.0,0.0,228.0,0.0,932.0,670.0,365.0,52.52,0,14,24,52.54336
25,380.0,0.0,0.0,228.0,0.0,932.0,670.0,270.0,53.3,0,15,25,52.65461
26,380.0,95.0,0.0,228.0,0.0,932.0,594.0,270.0,41.15,0,16,26,42.980217
27,342.0,38.0,0.0,228.0,0.0,932.0,670.0,180.0,52.12,0,17,27,51.900673
28,427.5,47.5,0.0,228.0,0.0,932.0,594.0,28.0,37.43,0,18,28,37.47219
29,475.0,0.0,0.0,228.0,0.0,932.0,594.0,7.0,38.6,0,19,29,36.84977
30,304.0,76.0,0.0,228.0,0.0,932.0,670.0,365.0,55.26,0,20,30,53.891148
31,266.0,114.0,0.0,228.0,0.0,932.0,670.0,365.0,52.91,2,10,31,51.85894
32,198.6,132.4,0.0,192.0,0.0,978.4,825.5,180.0,41.72,2,11,32,41.54024
33,475.0,0.0,0.0,228.0,0.0,932.0,594.0,270.0,42.13,0,21,33,41.992577
34,190.0,190.0,0.0,228.0,0.0,932.0,670.0,365.0,53.69,2,12,34,51.662853
35,237.5,237.5,0.0,228.0,0.0,932.0,594.0,270.0,38.41,2,13,35,37.961292
36,237.5,237.5,0.0,228.0,0.0,932.0,594.0,28.0,30.08,2,14,36,30.533772
37,332.5,142.5,0.0,228.0,0.0,932.0,594.0,90.0,37.72,2,15,37,37.19996
38,475.0,0.0,0.0,228.0,0.0,932.0,594.0,90.0,42.23,0,22,38,41.823997
39,237.5,237.5,0.0,228.0,0.0,932.0,594.0,180.0,36.25,2,16,39,36.046852
40,342.0,38.0,0.0,228.0,0.0,932.0,670.0,90.0,50.46,0,23,40,50.506348
41,427.5,47.5,0.0,228.0,0.0,932.0,594.0,365.0,43.7,0,24,41,43.281002
42,237.5,237.5,0.0,228.0,0.0,932.0,594.0,365.0,39.0,2,17,42,38.477196
43,380.0,0.0,0.0,228.0,0.0,932.0,670.0,180.0,53.1,0,25,43,50.685223
44,427.5,47.5,0.0,228.0,0.0,932.0,594.0,90.0,41.54,0,26,44,41.143604
45,427.5,47.5,0.0,228.0,0.0,932.0,594.0,7.0,35.08,0,27,45,34.749516
46,349.0,0.0,0.0,192.0,0.0,1047.0,806.9,3.0,15.05,0,28,46,14.922642
47,380.0,95.0,0.0,228.0,0.0,932.0,594.0,180.0,40.76,0,29,47,40.827435
48,237.5,237.5,0.0,228.0,0.0,932.0,594.0,7.0,26.26,2,18,48,25.222557
49,380.0,95.0,0.0,228.0,0.0,932.0,594.0,7.0,32.82,0,30,49,32.67288
50,332.5,142.5,0.0,228.0,0.0,932.0,594.0,180.0,39.78,0,31,50,39.69919
51,190.0,190.0,0.0,228.0,0.0,932.0,670.0,180.0,46.93,2,19,51,47.38086
52,237.5,237.5,0.0,228.0,0.0,932.0,594.0,90.0,33.12,2,20,52,33.51916
53,304.0,76.0,0.0,228.0,0.0,932.0,670.0,90.0,49.19,0,32,53,49.26816
54,139.6,209.4,0.0,192.0,0.0,1047.0,806.9,7.0,14.59,2,21,54,13.360564
55,198.6,132.4,0.0,192.0,0.0,978.4,825.5,7.0,14.64,2,22,55,14.429156
56,475.0,0.0,0.0,228.0,0.0,932.0,594.0,365.0,41.93,0,33,56,41.992577
57,198.6,132.4,0.0,192.0,0.0,978.4,825.5,3.0,9.13,2,23,57,9.207704
58,304.0,76.0,0.0,228.0,0.0,932.0,670.0,180.0,50.95,0,34,58,50.770363
59,332.5,142.5,0.0,228.0,0.0,932.0,594.0,28.0,33.02,2,24,59,34.053288
60,304.0,76.0,0.0,228.0,0.0,932.0,670.0,270.0,54.38,0,35,60,53.836685
61,266.0,114.0,0.0,228.0,0.0,932.0,670.0,270.0,51.73,2,25,61,50.31614
62,310.0,0.0,0.0,192.0,0.0,971.0,850.6,3.0,9.87,0,36,62,9.847313
63,190.0,190.0,0.0,228.0,0.0,932.0,670.0,270.0,50.66,2,26,63,50.120052
64,266.0,114.0,0.0,228.0,0.0,932.0,670.0,180.0,48.7,2,27,64,48.3823
65,342.0,38.0,0.0,228.0,0.0,932.0,670.0,270.0,55.06,0,37,65,54.822266
66,139.6,209.4,0.0,192.0,0.0,1047.0,806.9,360.0,44.7,2,28,66,43.669125
67,332.5,142.5,0.0,228.0,0.0,932.0,594.0,7.0,30.28,2,29,67,28.764387
68,190.0,190.0,0.0,228.0,0.0,932.0,670.0,28.0,40.86,2,30,68,40.240753
69,485.0,0.0,0.0,146.0,0.0,1120.0,800.0,28.0,71.99,0,38,69,70.75122
70,374.0,189.2,0.0,170.1,10.1,926.1,756.7,3.0,34.4,2,31,70,33.908737
71,313.3,262.2,0.0,175.5,8.6,1046.9,611.8,3.0,28.8,2,32,71,28.627644
72,425.0,106.3,0.0,153.5,16.5,852.1,887.1,3.0,33.4,0,39,72,33.425407
73,425.0,106.3,0.0,151.4,18.6,936.0,803.7,3.0,36.3,0,40,73,35.277863
74,375.0,93.8,0.0,126.6,23.4,852.1,992.6,3.0,29.0,0,41,74,29.016954
75,475.0,118.8,0.0,181.1,8.9,852.1,781.5,3.0,37.8,0,42,75,38.91013
76,469.0,117.2,0.0,137.8,32.2,852.1,840.5,3.0,40.2,0,43,76,39.663784
77,388.6,97.1,0.0,157.9,12.1,852.1,925.7,3.0,28.1,0,44,77,27.726742
78,531.3,0.0,0.0,141.8,28.2,852.1,893.7,3.0,41.3,0,45,78,36.043797
79,318.8,212.5,0.0,155.7,14.3,852.1,880.4,3.0,25.2,2,33,79,29.266508
80,401.8,94.7,0.0,147.4,11.4,946.8,852.1,3.0,41.1,0,46,80,34.959133
81,362.6,189.0,0.0,164.9,11.6,944.7,755.8,3.0,35.3,2,34,81,34.329586
82,323.7,282.8,0.0,183.8,10.3,942.7,659.9,3.0,28.3,2,35,82,28.082394
83,379.5,151.2,0.0,153.9,15.9,1134.3,605.0,3.0,28.6,0,47,83,28.261652
84,286.3,200.9,0.0,144.7,11.2,1004.6,803.7,3.0,24.4,2,36,84,24.282469
85,439.0,177.0,0.0,186.0,11.1,884.9,707.9,3.0,39.3,0,48,85,39.292973
86,389.9,189.0,0.0,145.9,22.0,944.7,755.8,3.0,40.6,0,49,86,39.425056
87,337.9,189.0,0.0,174.9,9.5,944.7,755.8,3.0,24.1,2,37,87,24.069464
88,374.0,189.2,0.0,170.1,10.1,926.1,756.7,7.0,46.2,2,38,88,43.929554
89,313.3,262.2,0.0,175.5,8.6,1046.9,611.8,7.0,42.8,2,39,89,41.09865
90,425.0,106.3,0.0,153.5,16.5,852.1,887.1,7.0,49.2,0,50,90,48.01879
91,425.0,106.3,0.0,151.4,18.6,936.0,803.7,7.0,46.8,0,51,91,46.86525
92,375.0,93.8,0.0,126.6,23.4,852.1,992.6,7.0,45.7,0,52,92,44.895203
93,475.0,118.8,0.0,181.1,8.9,852.1,781.5,7.0,55.6,0,53,93,54.974773
94,469.0,117.2,0.0,137.8,32.2,852.1,840.5,7.0,54.9,0,54,94,54.3867
95,388.6,97.1,0.0,157.9,12.1,852.1,925.7,7.0,34.9,0,55,95,43.908966
96,531.3,0.0,0.0,141.8,28.2,852.1,893.7,7.0,46.9,0,56,96,46.783283
97,318.8,212.5,0.0,155.7,14.3,852.1,880.4,7.0,33.4,2,40,97,33.204426
98,401.8,94.7,0.0,147.4,11.4,946.8,852.1,7.0,54.1,0,57,98,47.37908
99,362.6,189.0,0.0,164.9,11.6,944.7,755.8,7.0,55.9,2,41,99,39.43615
100,323.7,282.8,0.0,183.8,10.3,942.7,659.9,7.0,49.8,2,42,100,36.80891
101,379.5,151.2,0.0,153.9,15.9,1134.3,605.0,7.0,47.1,0,58,101,44.703735
102,286.3,200.9,0.0,144.7,11.2,1004.6,803.7,7.0,38.0,2,43,102,37.700077
103,439.0,177.0,0.0,186.0,11.1,884.9,707.9,7.0,56.1,0,59,103,54.489048
104,389.9,189.0,0.0,145.9,22.0,944.7,755.8,7.0,59.09,0,60,104,53.873474
105,362.6,189.0,0.0,164.9,11.6,944.7,755.8,7.0,22.9,2,44,105,39.43615
106,337.9,189.0,0.0,174.9,9.5,944.7,755.8,7.0,35.1,2,45,106,32.95829
107,374.0,189.2,0.0,170.1,10.1,926.1,756.7,28.0,61.09,2,46,107,60.74124
108,313.3,262.2,0.0,175.5,8.6,1046.9,611.8,28.0,59.8,2,47,108,59.9904
109,425.0,106.3,0.0,153.5,16.5,852.1,887.1,28.0,60.29,0,61,109,60.20913
110,425.0,106.3,0.0,151.4,18.6,936.0,803.7,28.0,61.8,0,62,110,61.55444
111,375.0,93.8,0.0,126.6,23.4,852.1,992.6,28.0,56.7,0,63,111,59.466988
112,475.0,118.8,0.0,181.1,8.9,852.1,781.5,28.0,68.3,0,64,112,68.502495
113,469.0,117.2,0.0,137.8,32.2,852.1,840.5,28.0,66.9,0,65,113,66.50945
114,388.6,97.1,0.0,157.9,12.1,852.1,925.7,28.0,50.7,0,66,114,50.74734
115,531.3,0.0,0.0,141.8,28.2,852.1,893.7,28.0,56.4,0,67,115,56.125988
116,318.8,212.5,0.0,155.7,14.3,852.1,880.4,28.0,55.5,2,48,116,55.35939
117,401.8,94.7,0.0,147.4,11.4,946.8,852.1,28.0,68.5,0,68,117,68.549934
118,362.6,189.0,0.0,164.9,11.6,944.7,755.8,28.0,71.3,2,49,118,71.467606
119,323.7,282.8,0.0,183.8,10.3,942.7,659.9,28.0,74.7,2,50,119,70.20526
120,379.5,151.2,0.0,153.9,15.9,1134.3,605.0,28.0,52.2,0,69,120,52.510494
121,286.3,200.9,0.0,144.7,11.2,1004.6,803.7,28.0,67.7,2,51,121,67.182335
122,439.0,177.0,0.0,186.0,11.1,884.9,707.9,28.0,66.0,0,70,122,66.10627
123,389.9,189.0,0.0,145.9,22.0,944.7,755.8,28.0,74.5,0,71,123,72.58774
124,337.9,189.0,0.0,174.9,9.5,944.7,755.8,28.0,49.9,2,52,124,50.269608
125,374.0,189.2,0.0,170.1,10.1,926.1,756.7,56.0,63.4,2,53,125,62.68322
126,313.3,262.2,0.0,175.5,8.6,1046.9,611.8,56.0,64.9,2,54,126,64.43623
127,425.0,106.3,0.0,153.5,16.5,852.1,887.1,56.0,64.3,0,72,127,63.699585
128,425.0,106.3,0.0,151.4,18.6,936.0,803.7,56.0,64.9,0,73,128,65.189735
129,375.0,93.8,0.0,126.6,23.4,852.1,992.6,56.0,60.2,0,74,129,60.208626
130,475.0,118.8,0.0,181.1,8.9,852.1,781.5,56.0,72.3,0,75,130,72.12409
131,469.0,117.2,0.0,137.8,32.2,852.1,840.5,56.0,69.3,0,76,131,67.97425
132,388.6,97.1,0.0,157.9,12.1,852.1,925.7,56.0,55.2,0,77,132,57.233677
133,531.3,0.0,0.0,141.8,28.2,852.1,893.7,56.0,58.8,0,78,133,57.002277
134,318.8,212.5,0.0,155.7,14.3,852.1,880.4,56.0,66.1,2,55,134,64.738495
135,401.8,94.7,0.0,147.4,11.4,946.8,852.1,56.0,73.7,0,79,135,72.87278
136,362.6,189.0,0.0,164.9,11.6,944.7,755.8,56.0,77.3,2,56,136,75.64204
137,323.7,282.8,0.0,183.8,10.3,942.7,659.9,56.0,80.2,2,57,137,68.91258
138,379.5,151.2,0.0,153.9,15.9,1134.3,605.0,56.0,54.9,0,80,138,54.774216
139,286.3,200.9,0.0,144.7,11.2,1004.6,803.7,56.0,72.99,2,58,139,71.76723
140,439.0,177.0,0.0,186.0,11.1,884.9,707.9,56.0,71.7,0,81,140,68.84082
141,389.9,189.0,0.0,145.9,22.0,944.7,755.8,56.0,79.4,0,82,141,72.886185
142,337.9,189.0,0.0,174.9,9.5,944.7,755.8,56.0,59.89,2,59,142,59.81612
143,374.0,189.2,0.0,170.1,10.1,926.1,756.7,91.0,64.9,0,83,143,64.3035
144,313.3,262.2,0.0,175.5,8.6,1046.9,611.8,91.0,66.6,2,60,144,64.51512
145,425.0,106.3,0.0,153.5,16.5,852.1,887.1,91.0,65.2,0,84,145,64.14053
146,425.0,106.3,0.0,151.4,18.6,936.0,803.7,91.0,66.7,0,85,146,65.66909
147,375.0,93.8,0.0,126.6,23.4,852.1,992.6,91.0,62.5,0,86,147,61.452206
148,475.0,118.8,0.0,181.1,8.9,852.1,781.5,91.0,74.19,0,87,148,72.50689
149,469.0,117.2,0.0,137.8,32.2,852.1,840.5,91.0,70.7,0,88,149,68.987564
150,388.6,97.1,0.0,157.9,12.1,852.1,925.7,91.0,57.6,0,89,150,57.668262
151,531.3,0.0,0.0,141.8,28.2,852.1,893.7,91.0,59.2,0,90,151,58.347416
152,318.8,212.5,0.0,155.7,14.3,852.1,880.4,91.0,68.1,2,61,152,66.84186
153,401.8,94.7,0.0,147.4,11.4,946.8,852.1,91.0,75.5,0,91,153,73.38244
154,362.6,189.0,0.0,164.9,11.6,944.7,755.8,91.0,79.3,2,62,154,76.54665
155,379.5,151.2,0.0,153.9,15.9,1134.3,605.0,91.0,56.5,0,92,155,55.915035
156,286.3,200.9,0.0,144.7,11.2,1004.6,803.7,91.0,76.8,2,63,156,71.80355
157,439.0,177.0,0.0,186.0,11.1,884.9,707.9,91.0,73.3,0,93,157,68.84082
158,389.9,189.0,0.0,145.9,22.0,944.7,755.8,91.0,82.6,0,94,158,72.886185
159,337.9,189.0,0.0,174.9,9.5,944.7,755.8,91.0,67.8,2,64,159,65.99404
160,222.4,0.0,96.7,189.3,4.5,967.1,870.3,3.0,11.58,1,0,160,11.623357
161,222.4,0.0,96.7,189.3,4.5,967.1,870.3,14.0,24.45,1,1,161,24.014582
162,222.4,0.0,96.7,189.3,4.5,967.1,870.3,28.0,24.89,1,2,162,25.510265
163,222.4,0.0,96.7,189.3,4.5,967.1,870.3,56.0,29.45,1,3,163,29.782515
164,222.4,0.0,96.7,189.3,4.5,967.1,870.3,100.0,40.71,1,4,164,40.444374
165,233.8,0.0,94.6,197.9,4.6,947.0,852.2,3.0,10.38,1,5,165,11.040148
166,233.8,0.0,94.6,197.9,4.6,947.0,852.2,14.0,22.14,1,6,166,21.579985
167,233.8,0.0,94.6,197.9,4.6,947.0,852.2,28.0,22.84,1,7,167,23.359755
168,233.8,0.0,94.6,197.9,4.6,947.0,852.2,56.0,27.66,1,8,168,27.70357
169,233.8,0.0,94.6,197.9,4.6,947.0,852.2,100.0,34.56,1,9,169,26.558062
170,194.7,0.0,100.5,165.6,7.5,1006.4,905.9,3.0,12.45,1,10,170,12.581249
171,194.7,0.0,100.5,165.6,7.5,1006.4,905.9,14.0,24.99,1,11,171,24.8343
172,194.7,0.0,100.5,165.6,7.5,1006.4,905.9,28.0,25.72,1,12,172,26.118946
173,194.7,0.0,100.5,165.6,7.5,1006.4,905.9,56.0,33.96,1,13,173,33.784866
174,194.7,0.0,100.5,165.6,7.5,1006.4,905.9,100.0,37.34,1,14,174,37.281532
175,190.7,0.0,125.4,162.1,7.8,1090.0,804.0,3.0,15.04,1,15,175,15.068208
176,190.7,0.0,125.4,162.1,7.8,1090.0,804.0,14.0,21.06,1,16,176,23.888758
177,190.7,0.0,125.4,162.1,7.8,1090.0,804.0,28.0,26.4,1,17,177,27.06979
178,190.7,0.0,125.4,162.1,7.8,1090.0,804.0,56.0,35.34,1,18,178,34.838287
179,190.7,0.0,125.4,162.1,7.8,1090.0,804.0,100.0,40.57,1,19,179,40.583015
180,212.1,0.0,121.6,180.3,5.7,1057.6,779.3,3.0,12.47,1,20,180,12.471872
181,212.1,0.0,121.6,180.3,5.7,1057.6,779.3,14.0,20.92,1,21,181,21.017847
182,212.1,0.0,121.6,180.3,5.7,1057.6,779.3,28.0,24.9,1,22,182,24.411678
183,212.1,0.0,121.6,180.3,5.7,1057.6,779.3,56.0,34.2,1,23,183,35.400032
184,212.1,0.0,121.6,180.3,5.7,1057.6,779.3,100.0,39.61,1,24,184,39.066277
185,230.0,0.0,118.3,195.5,4.6,1029.4,758.6,3.0,10.03,1,25,185,10.952752
186,230.0,0.0,118.3,195.5,4.6,1029.4,758.6,14.0,20.08,1,26,186,20.265875
187,230.0,0.0,118.3,195.5,4.6,1029.4,758.6,28.0,24.48,1,27,187,24.656797
188,230.0,0.0,118.3,195.5,4.6,1029.4,758.6,56.0,31.54,1,28,188,30.906986
189,230.0,0.0,118.3,195.5,4.6,1029.4,758.6,100.0,35.34,1,29,189,35.509354
190,190.3,0.0,125.2,161.9,9.9,1088.1,802.6,3.0,9.45,1,30,190,9.149314
191,190.3,0.0,125.2,161.9,9.9,1088.1,802.6,14.0,22.72,1,31,191,22.738346
192,190.3,0.0,125.2,161.9,9.9,1088.1,802.6,28.0,28.47,1,32,192,28.704378
193,190.3,0.0,125.2,161.9,9.9,1088.1,802.6,56.0,38.56,1,33,193,33.831367
194,190.3,0.0,125.2,161.9,9.9,1088.1,802.6,100.0,40.39,1,34,194,40.385345
195,166.1,0.0,163.3,176.5,4.5,1058.6,780.1,3.0,10.76,1,35,195,11.214003
196,166.1,0.0,163.3,176.5,4.5,1058.6,780.1,14.0,25.48,1,36,196,24.633457
197,166.1,0.0,163.3,176.5,4.5,1058.6,780.1,28.0,21.54,1,37,197,22.213436
198,166.1,0.0,163.3,176.5,4.5,1058.6,780.1,56.0,28.63,1,38,198,28.522657
199,166.1,0.0,163.3,176.5,4.5,1058.6,780.1,100.0,33.54,1,39,199,33.59655
200,168.0,42.1,163.8,121.8,5.7,1058.7,780.1,3.0,7.75,1,40,200,7.4500027
201,168.0,42.1,163.8,121.8,5.7,1058.7,780.1,14.0,17.82,1,41,201,18.257214
202,168.0,42.1,163.8,121.8,5.7,1058.7,780.1,28.0,24.24,1,42,202,23.74667
203,168.0,42.1,163.8,121.8,5.7,1058.7,780.1,56.0,32.85,1,43,203,32.58478
204,168.0,42.1,163.8,121.8,5.7,1058.7,780.1,100.0,39.23,1,44,204,39.35075
205,213.7,98.1,24.5,181.7,6.9,1065.8,785.4,3.0,18.0,1,45,205,14.396033
206,213.7,98.1,24.5,181.7,6.9,1065.8,785.4,14.0,30.39,1,46,206,22.635923
207,213.7,98.1,24.5,181.7,6.9,1065.8,785.4,28.0,45.71,1,47,207,45.1475
208,213.7,98.1,24.5,181.7,6.9,1065.8,785.4,56.0,50.77,1,48,208,51.18759
209,213.7,98.1,24.5,181.7,6.9,1065.8,785.4,100.0,53.9,1,49,209,53.93252
210,213.8,98.1,24.5,181.7,6.7,1066.0,785.5,3.0,13.18,1,50,210,13.282616
211,213.8,98.1,24.5,181.7,6.7,1066.0,785.5,14.0,17.84,1,51,211,17.992437
212,213.8,98.1,24.5,181.7,6.7,1066.0,785.5,28.0,40.23,1,52,212,39.92825
213,213.8,98.1,24.5,181.7,6.7,1066.0,785.5,56.0,47.13,1,53,213,47.06662
214,213.8,98.1,24.5,181.7,6.7,1066.0,785.5,100.0,49.97,1,54,214,50.0768
215,229.7,0.0,118.2,195.2,6.1,1028.1,757.6,3.0,13.36,1,55,215,12.023087
216,229.7,0.0,118.2,195.2,6.1,1028.1,757.6,14.0,22.32,1,56,216,22.123655
217,229.7,0.0,118.2,195.2,6.1,1028.1,757.6,28.0,24.54,1,57,217,23.551067
218,229.7,0.0,118.2,195.2,6.1,1028.1,757.6,56.0,31.35,1,58,218,31.716812
219,229.7,0.0,118.2,195.2,6.1,1028.1,757.6,100.0,40.86,1,59,219,40.702457
220,238.1,0.0,94.1,186.7,7.0,949.9,847.0,3.0,19.93,1,60,220,19.340807
221,238.1,0.0,94.1,186.7,7.0,949.9,847.0,14.0,25.69,1,61,221,26.811867
222,238.1,0.0,94.1,186.7,7.0,949.9,847.0,28.0,30.23,1,62,222,30.311201
223,238.1,0.0,94.1,186.7,7.0,949.9,847.0,56.0,39.59,1,63,223,41.51557
224,238.1,0.0,94.1,186.7,7.0,949.9,847.0,100.0,44.3,1,64,224,43.729874
225,250.0,0.0,95.7,187.4,5.5,956.9,861.2,3.0,13.82,1,65,225,13.745672
226,250.0,0.0,95.7,187.4,5.5,956.9,861.2,14.0,24.92,1,66,226,25.801575
227,250.0,0.0,95.7,187.4,5.5,956.9,861.2,28.0,29.22,1,67,227,28.102491
228,250.0,0.0,95.7,187.4,5.5,956.9,861.2,56.0,38.33,1,68,228,38.38896
229,250.0,0.0,95.7,187.4,5.5,956.9,861.2,100.0,42.35,1,69,229,42.424957
230,212.5,0.0,100.4,159.3,8.7,1007.8,903.6,3.0,13.54,1,70,230,13.56993
231,212.5,0.0,100.4,159.3,8.7,1007.8,903.6,14.0,26.31,1,71,231,26.212906
232,212.5,0.0,100.4,159.3,8.7,1007.8,903.6,28.0,31.64,1,72,232,31.8563
233,212.5,0.0,100.4,159.3,8.7,1007.8,903.6,56.0,42.55,1,73,233,42.11561
234,212.5,0.0,100.4,159.3,8.7,1007.8,903.6,100.0,42.92,1,74,234,42.969227
235,212.6,0.0,100.4,159.4,10.4,1003.8,903.8,3.0,13.33,1,75,235,15.378736
236,212.6,0.0,100.4,159.4,10.4,1003.8,903.8,14.0,25.37,1,76,236,25.348997
237,212.6,0.0,100.4,159.4,10.4,1003.8,903.8,28.0,37.4,1,77,237,34.874615
238,212.6,0.0,100.4,159.4,10.4,1003.8,903.8,56.0,44.4,1,78,238,44.203636
239,212.6,0.0,100.4,159.4,10.4,1003.8,903.8,100.0,47.74,1,79,239,47.780613
240,212.0,0.0,124.8,159.0,7.8,1085.4,799.5,3.0,19.52,1,80,240,19.657791
241,212.0,0.0,124.8,159.0,7.8,1085.4,799.5,14.0,31.35,1,81,241,31.030426
242,212.0,0.0,124.8,159.0,7.8,1085.4,799.5,28.0,38.5,1,82,242,34.05119
243,212.0,0.0,124.8,159.0,7.8,1085.4,799.5,56.0,45.08,1,83,243,45.194992
244,212.0,0.0,124.8,159.0,7.8,1085.4,799.5,100.0,47.82,1,84,244,51.249756
245,231.8,0.0,121.6,174.0,6.7,1056.4,778.5,3.0,15.44,1,85,245,14.949414
246,231.8,0.0,121.6,174.0,6.7,1056.4,778.5,14.0,26.77,1,86,246,27.04924
247,231.8,0.0,121.6,174.0,6.7,1056.4,778.5,28.0,33.73,1,87,247,34.6671
248,231.8,0.0,121.6,174.0,6.7,1056.4,778.5,56.0,42.7,1,88,248,41.46441
249,231.8,0.0,121.6,174.0,6.7,1056.4,778.5,100.0,45.84,1,89,249,46.30641
250,251.4,0.0,118.3,188.5,5.8,1028.4,757.7,3.0,17.22,1,90,250,15.265831
251,251.4,0.0,118.3,188.5,5.8,1028.4,757.7,14.0,29.93,1,91,251,27.963434
252,251.4,0.0,118.3,188.5,5.8,1028.4,757.7,28.0,29.65,1,92,252,30.799107
253,251.4,0.0,118.3,188.5,5.8,1028.4,757.7,56.0,36.97,1,93,253,37.30055
254,251.4,0.0,118.3,188.5,5.8,1028.4,757.7,100.0,43.58,1,94,254,43.75263
255,251.4,0.0,118.3,188.5,6.4,1028.4,757.7,3.0,13.12,1,95,255,13.385431
256,251.4,0.0,118.3,188.5,6.4,1028.4,757.7,14.0,24.43,1,96,256,25.714312
257,251.4,0.0,118.3,188.5,6.4,1028.4,757.7,28.0,32.66,1,97,257,31.004852
258,251.4,0.0,118.3,188.5,6.4,1028.4,757.7,56.0,36.64,1,98,258,37.26447
259,251.4,0.0,118.3,188.5,6.4,1028.4,757.7,100.0,44.21,1,99,259,43.767513
260,181.4,0.0,167.0,169.6,7.6,1055.6,777.8,3.0,13.62,1,100,260,13.70326
261,181.4,0.0,167.0,169.6,7.6,1055.6,777.8,14.0,21.6,1,101,261,23.722513
262,181.4,0.0,167.0,169.6,7.6,1055.6,777.8,28.0,27.77,1,102,262,27.035437
263,181.4,0.0,167.0,169.6,7.6,1055.6,777.8,56.0,35.57,1,103,263,36.13751
264,181.4,0.0,167.0,169.6,7.6,1055.6,777.8,100.0,45.37,1,104,264,40.446903
265,182.0,45.2,122.0,170.2,8.2,1059.4,780.7,3.0,7.32,1,105,265,7.9138
266,182.0,45.2,122.0,170.2,8.2,1059.4,780.7,14.0,21.5,1,106,266,20.802975
267,182.0,45.2,122.0,170.2,8.2,1059.4,780.7,28.0,31.27,1,107,267,31.86665
268,182.0,45.2,122.0,170.2,8.2,1059.4,780.7,56.0,43.5,1,108,268,43.088505
269,182.0,45.2,122.0,170.2,8.2,1059.4,780.7,100.0,48.67,1,109,269,45.082718
270,168.9,42.2,124.3,158.3,10.8,1080.8,796.2,3.0,7.4,1,110,270,8.570231
271,168.9,42.2,124.3,158.3,10.8,1080.8,796.2,14.0,23.51,1,111,271,23.574812
272,168.9,42.2,124.3,158.3,10.8,1080.8,796.2,28.0,31.12,1,112,272,30.805498
273,168.9,42.2,124.3,158.3,10.8,1080.8,796.2,56.0,39.15,1,113,273,42.15938
274,168.9,42.2,124.3,158.3,10.8,1080.8,796.2,100.0,48.15,1,114,274,44.09809
275,290.4,0.0,96.2,168.1,9.4,961.2,865.0,3.0,22.5,1,115,275,22.55368
276,290.4,0.0,96.2,168.1,9.4,961.2,865.0,14.0,34.67,1,116,276,34.449055
277,290.4,0.0,96.2,168.1,9.4,961.2,865.0,28.0,34.74,1,117,277,35.193233
278,290.4,0.0,96.2,168.1,9.4,961.2,865.0,56.0,45.08,1,118,278,42.88728
279,290.4,0.0,96.2,168.1,9.4,961.2,865.0,100.0,48.97,1,119,279,52.656788
280,277.1,0.0,97.4,160.6,11.8,973.9,875.6,3.0,23.14,1,120,280,23.142965
281,277.1,0.0,97.4,160.6,11.8,973.9,875.6,14.0,41.89,1,121,281,41.934765
282,277.1,0.0,97.4,160.6,11.8,973.9,875.6,28.0,48.28,1,122,282,47.757816
283,277.1,0.0,97.4,160.6,11.8,973.9,875.6,56.0,51.04,1,123,283,51.389496
284,277.1,0.0,97.4,160.6,11.8,973.9,875.6,100.0,55.64,1,124,284,59.5591
285,295.7,0.0,95.6,171.5,8.9,955.1,859.2,3.0,22.95,1,125,285,23.031013
286,295.7,0.0,95.6,171.5,8.9,955.1,859.2,14.0,35.23,1,126,286,35.15006
287,295.7,0.0,95.6,171.5,8.9,955.1,859.2,28.0,39.94,1,127,287,40.237553
288,295.7,0.0,95.6,171.5,8.9,955.1,859.2,56.0,48.72,1,128,288,48.410416
289,295.7,0.0,95.6,171.5,8.9,955.1,859.2,100.0,52.04,1,129,289,52.223434
290,251.8,0.0,99.9,146.1,12.4,1006.0,899.8,3.0,21.02,1,130,290,20.945913
291,251.8,0.0,99.9,146.1,12.4,1006.0,899.8,14.0,33.36,1,131,291,33.112946
292,251.8,0.0,99.9,146.1,12.4,1006.0,899.8,28.0,33.94,1,132,292,35.31941
293,251.8,0.0,99.9,146.1,12.4,1006.0,899.8,56.0,44.14,1,133,293,43.386448
294,251.8,0.0,99.9,146.1,12.4,1006.0,899.8,100.0,45.37,1,134,294,45.17571
295,249.1,0.0,98.8,158.1,12.8,987.8,889.0,3.0,15.36,1,135,295,15.46066
296,249.1,0.0,98.8,158.1,12.8,987.8,889.0,14.0,28.68,1,136,296,28.444899
297,249.1,0.0,98.8,158.1,12.8,987.8,889.0,28.0,30.85,1,137,297,37.553925
298,249.1,0.0,98.8,158.1,12.8,987.8,889.0,56.0,42.03,1,138,298,42.87859
299,249.1,0.0,98.8,158.1,12.8,987.8,889.0,100.0,51.06,1,139,299,50.774815
300,252.3,0.0,98.8,146.3,14.2,987.8,889.0,3.0,21.78,1,140,300,21.959476
301,252.3,0.0,98.8,146.3,14.2,987.8,889.0,14.0,42.29,1,141,301,42.206974
302,252.3,0.0,98.8,146.3,14.2,987.8,889.0,28.0,50.6,1,142,302,50.239628
303,252.3,0.0,98.8,146.3,14.2,987.8,889.0,56.0,55.83,1,143,303,55.82239
304,252.3,0.0,98.8,146.3,14.2,987.8,889.0,100.0,60.95,1,144,304,61.01541
305,246.8,0.0,125.1,143.3,12.0,1086.8,800.9,3.0,23.52,1,145,305,23.76094
306,246.8,0.0,125.1,143.3,12.0,1086.8,800.9,14.0,42.22,1,146,306,42.36395
307,246.8,0.0,125.1,143.3,12.0,1086.8,800.9,28.0,52.5,1,147,307,51.85708
308,246.8,0.0,125.1,143.3,12.0,1086.8,800.9,56.0,60.32,1,148,308,58.88833
309,246.8,0.0,125.1,143.3,12.0,1086.8,800.9,100.0,66.42,1,149,309,66.504585
310,275.1,0.0,121.4,159.5,9.9,1053.6,777.5,3.0,23.8,1,150,310,23.775202
311,275.1,0.0,121.4,159.5,9.9,1053.6,777.5,14.0,38.77,1,151,311,39.766003
312,275.1,0.0,121.4,159.5,9.9,1053.6,777.5,28.0,51.33,1,152,312,50.38869
313,275.1,0.0,121.4,159.5,9.9,1053.6,777.5,56.0,56.85,1,153,313,55.57757
314,275.1,0.0,121.4,159.5,9.9,1053.6,777.5,100.0,58.61,1,154,314,58.620697
315,297.2,0.0,117.5,174.8,9.5,1022.8,753.5,3.0,21.91,1,155,315,21.899183
316,297.2,0.0,117.5,174.8,9.5,1022.8,753.5,14.0,36.99,1,156,316,36.98567
317,297.2,0.0,117.5,174.8,9.5,1022.8,753.5,28.0,47.4,1,157,317,42.50108
318,297.2,0.0,117.5,174.8,9.5,1022.8,753.5,56.0,51.96,1,158,318,47.674088
319,297.2,0.0,117.5,174.8,9.5,1022.8,753.5,100.0,56.74,1,159,319,56.737095
320,213.7,0.0,174.7,154.8,10.2,1053.5,776.4,3.0,17.57,1,160,320,17.572102
321,213.7,0.0,174.7,154.8,10.2,1053.5,776.4,14.0,33.73,1,161,321,33.268204
322,213.7,0.0,174.7,154.8,10.2,1053.5,776.4,28.0,40.15,1,162,322,40.664787
323,213.7,0.0,174.7,154.8,10.2,1053.5,776.4,56.0,46.64,1,163,323,46.77472
324,213.7,0.0,174.7,154.8,10.2,1053.5,776.4,100.0,50.08,1,164,324,50.12861
325,213.5,0.0,174.2,154.6,11.7,1052.3,775.5,3.0,17.37,1,165,325,17.398764
326,213.5,0.0,174.2,154.6,11.7,1052.3,775.5,14.0,33.7,1,166,326,33.49906
327,213.5,0.0,174.2,154.6,11.7,1052.3,775.5,28.0,45.94,1,167,327,45.24229
328,213.5,0.0,174.2,154.6,11.7,1052.3,775.5,56.0,51.43,1,168,328,51.92339
329,213.5,0.0,174.2,154.6,11.7,1052.3,775.5,100.0,59.3,1,169,329,58.968857
330,277.2,97.8,24.5,160.7,11.2,1061.7,782.5,3.0,30.45,1,170,330,30.51837
331,277.2,97.8,24.5,160.7,11.2,1061.7,782.5,14.0,47.71,1,171,331,47.6539
332,277.2,97.8,24.5,160.7,11.2,1061.7,782.5,28.0,63.14,1,172,332,59.073517
333,277.2,97.8,24.5,160.7,11.2,1061.7,782.5,56.0,66.82,1,173,333,61.957645
334,277.2,97.8,24.5,160.7,11.2,1061.7,782.5,100.0,66.95,1,174,334,66.83302
335,218.2,54.6,123.8,140.8,11.9,1075.7,792.7,3.0,27.42,1,175,335,24.84229
336,218.2,54.6,123.8,140.8,11.9,1075.7,792.7,14.0,35.96,1,176,336,36.0453
337,218.2,54.6,123.8,140.8,11.9,1075.7,792.7,28.0,55.51,1,177,337,55.499702
338,218.2,54.6,123.8,140.8,11.9,1075.7,792.7,56.0,61.99,1,178,338,61.908703
339,218.2,54.6,123.8,140.8,11.9,1075.7,792.7,100.0,63.53,1,179,339,63.56535
340,214.9,53.8,121.9,155.6,9.6,1014.3,780.6,3.0,18.02,1,180,340,25.923506
341,214.9,53.8,121.9,155.6,9.6,1014.3,780.6,14.0,38.6,1,181,341,38.52964
342,214.9,53.8,121.9,155.6,9.6,1014.3,780.6,28.0,52.2,1,182,342,52.165466
343,214.9,53.8,121.9,155.6,9.6,1014.3,780.6,56.0,53.96,1,183,343,57.21155
344,214.9,53.8,121.9,155.6,9.6,1014.3,780.6,100.0,56.63,1,184,344,56.64955
345,218.9,0.0,124.1,158.5,11.3,1078.7,794.9,3.0,15.34,1,185,345,15.1039715
346,218.9,0.0,124.1,158.5,11.3,1078.7,794.9,14.0,26.05,1,186,346,25.658554
347,218.9,0.0,124.1,158.5,11.3,1078.7,794.9,28.0,30.22,1,187,347,31.146896
348,218.9,0.0,124.1,158.5,11.3,1078.7,794.9,56.0,37.27,1,188,348,37.448322
349,218.9,0.0,124.1,158.5,11.3,1078.7,794.9,100.0,46.23,1,189,349,45.93689
350,376.0,0.0,0.0,214.6,0.0,1003.5,762.4,3.0,16.28,0,95,350,16.183445
351,376.0,0.0,0.0,214.6,0.0,1003.5,762.4,14.0,25.62,0,96,351,25.082537
352,376.0,0.0,0.0,214.6,0.0,1003.5,762.4,28.0,31.97,0,97,352,31.892212
353,376.0,0.0,0.0,214.6,0.0,1003.5,762.4,56.0,36.3,0,98,353,36.57101
354,376.0,0.0,0.0,214.6,0.0,1003.5,762.4,100.0,43.06,0,99,354,41.13089
355,500.0,0.0,0.0,140.0,4.0,966.0,853.0,28.0,67.57,0,100,355,67.01291
356,475.0,0.0,59.0,142.0,1.9,1098.0,641.0,28.0,57.23,0,101,356,55.17642
357,315.0,137.0,0.0,145.0,5.9,1130.0,745.0,28.0,81.75,0,102,357,76.15841
358,505.0,0.0,60.0,195.0,0.0,1030.0,630.0,28.0,64.02,0,103,358,61.76781
359,451.0,0.0,0.0,165.0,11.3,1030.0,745.0,28.0,78.8,0,104,359,76.31162
360,516.0,0.0,0.0,162.0,8.2,801.0,802.0,28.0,41.37,0,105,360,40.79393
361,520.0,0.0,0.0,170.0,5.2,855.0,855.0,28.0,60.28,0,106,361,59.88815
362,528.0,0.0,0.0,185.0,6.9,920.0,720.0,28.0,56.83,0,107,362,56.211708
363,520.0,0.0,0.0,175.0,5.2,870.0,805.0,28.0,51.02,0,108,363,51.02912
364,385.0,0.0,136.0,158.0,20.0,903.0,768.0,28.0,55.55,0,109,364,54.649128
365,500.1,0.0,0.0,200.0,3.0,1124.4,613.2,28.0,44.13,0,110,365,44.207798
366,450.1,50.0,0.0,200.0,3.0,1124.4,613.2,28.0,39.38,0,111,366,39.21157
367,397.0,17.2,158.0,167.0,20.8,967.0,633.0,28.0,55.65,0,112,367,55.315395
368,333.0,17.5,163.0,167.0,17.9,996.0,652.0,28.0,47.28,0,113,368,47.162636
369,334.0,17.6,158.0,189.0,15.3,967.0,633.0,28.0,44.33,0,114,369,48.525562
370,405.0,0.0,0.0,175.0,0.0,1120.0,695.0,28.0,52.3,0,115,370,52.214893
371,200.0,200.0,0.0,190.0,0.0,1145.0,660.0,28.0,49.25,2,65,371,46.01085
372,516.0,0.0,0.0,162.0,8.3,801.0,802.0,28.0,41.37,0,116,372,40.79393
373,145.0,116.0,119.0,184.0,5.7,833.0,880.0,28.0,29.16,2,66,373,28.930138
374,160.0,128.0,122.0,182.0,6.4,824.0,879.0,28.0,39.4,2,67,374,37.620823
375,234.0,156.0,0.0,189.0,5.9,981.0,760.0,28.0,39.3,2,68,375,37.824646
376,250.0,180.0,95.0,159.0,9.5,860.0,800.0,28.0,67.87,2,69,376,65.36536
377,475.0,0.0,0.0,162.0,9.5,1044.0,662.0,28.0,58.52,0,117,377,58.01317
378,285.0,190.0,0.0,163.0,7.6,1031.0,685.0,28.0,53.58,2,70,378,53.366287
379,356.0,119.0,0.0,160.0,9.0,1061.0,657.0,28.0,59.0,0,118,379,61.799305
380,275.0,180.0,120.0,162.0,10.4,830.0,765.0,28.0,76.24,2,71,380,73.91599
381,500.0,0.0,0.0,151.0,9.0,1033.0,655.0,28.0,69.84,0,119,381,66.785645
382,165.0,0.0,143.6,163.8,0.0,1005.6,900.9,3.0,14.4,1,190,382,14.298891
383,165.0,128.5,132.1,175.1,8.1,1005.8,746.6,3.0,19.42,2,72,383,14.861172
384,178.0,129.8,118.6,179.9,3.6,1007.3,746.8,3.0,20.73,2,73,384,13.060352
385,167.4,129.9,128.6,175.5,7.8,1006.3,746.6,3.0,14.94,2,74,385,14.264357
386,172.4,13.6,172.4,156.8,4.1,1006.3,856.4,3.0,21.29,1,191,386,21.226524
387,173.5,50.1,173.5,164.8,6.5,1006.2,793.5,3.0,23.08,1,192,387,23.009462
388,167.0,75.4,167.0,164.0,7.9,1007.3,770.1,3.0,15.52,1,193,388,20.58603
389,173.8,93.4,159.9,172.3,9.7,1007.2,746.6,3.0,15.82,1,194,389,12.335057
390,190.3,0.0,125.2,166.6,9.9,1079.0,798.9,3.0,12.55,1,195,390,8.666176
391,250.0,0.0,95.7,191.8,5.3,948.9,857.2,3.0,8.49,1,196,391,8.892238
392,213.5,0.0,174.2,159.2,11.7,1043.6,771.9,3.0,15.61,1,197,392,15.551679
393,194.7,0.0,100.5,170.2,7.5,998.0,901.8,3.0,12.18,1,198,393,14.239438
394,251.4,0.0,118.3,192.9,5.8,1043.6,754.3,3.0,11.98,1,199,394,11.797835
395,165.0,0.0,143.6,163.8,0.0,1005.6,900.9,14.0,16.88,1,200,395,17.016682
396,165.0,128.5,132.1,175.1,8.1,1005.8,746.6,14.0,33.09,2,75,396,19.345797
397,178.0,129.8,118.6,179.9,3.6,1007.3,746.8,14.0,34.24,2,76,397,13.857889
398,167.4,129.9,128.6,175.5,7.8,1006.3,746.6,14.0,31.81,2,77,398,16.69798
399,172.4,13.6,172.4,156.8,4.1,1006.3,856.4,14.0,29.75,1,201,399,29.820513
400,173.5,50.1,173.5,164.8,6.5,1006.2,793.5,14.0,33.01,1,202,400,32.89468
401,167.0,75.4,167.0,164.0,7.9,1007.3,770.1,14.0,32.9,1,203,401,32.878902
402,173.8,93.4,159.9,172.3,9.7,1007.2,746.6,14.0,29.55,1,204,402,29.634432
403,190.3,0.0,125.2,166.6,9.9,1079.0,798.9,14.0,19.42,1,205,403,19.963795
404,250.0,0.0,95.7,191.8,5.3,948.9,857.2,14.0,24.66,1,206,404,23.93146
405,213.5,0.0,174.2,159.2,11.7,1043.6,771.9,14.0,29.59,1,207,405,30.31728
406,194.7,0.0,100.5,170.2,7.5,998.0,901.8,14.0,24.28,1,208,406,28.838783
407,251.4,0.0,118.3,192.9,5.8,1043.6,754.3,14.0,20.73,1,209,407,21.214483
408,165.0,0.0,143.6,163.8,0.0,1005.6,900.9,28.0,26.2,1,210,408,19.030998
409,165.0,128.5,132.1,175.1,8.1,1005.8,746.6,28.0,46.39,2,78,409,45.156593
410,178.0,129.8,118.6,179.9,3.6,1007.3,746.8,28.0,39.16,2,79,410,38.228188
411,167.4,129.9,128.6,175.5,7.8,1006.3,746.6,28.0,41.2,2,80,411,41.74906
412,172.4,13.6,172.4,156.8,4.1,1006.3,856.4,28.0,33.69,1,211,412,33.471035
413,173.5,50.1,173.5,164.8,6.5,1006.2,793.5,28.0,38.2,1,212,413,38.92283
414,167.0,75.4,167.0,164.0,7.9,1007.3,770.1,28.0,41.41,1,213,414,41.152657
415,173.8,93.4,159.9,172.3,9.7,1007.2,746.6,28.0,37.81,1,214,415,38.03686
416,190.3,0.0,125.2,166.6,9.9,1079.0,798.9,28.0,24.85,1,215,416,23.798561
417,250.0,0.0,95.7,191.8,5.3,948.9,857.2,28.0,27.22,1,216,417,27.18822
418,213.5,0.0,174.2,159.2,11.7,1043.6,771.9,28.0,44.64,1,217,418,43.764477
419,194.7,0.0,100.5,170.2,7.5,998.0,901.8,28.0,37.27,1,218,419,36.670353
420,251.4,0.0,118.3,192.9,5.8,1043.6,754.3,28.0,33.27,1,219,420,25.824408
421,165.0,0.0,143.6,163.8,0.0,1005.6,900.9,56.0,36.56,1,220,421,30.680382
422,165.0,128.5,132.1,175.1,8.1,1005.8,746.6,56.0,53.72,2,81,422,53.284184
423,178.0,129.8,118.6,179.9,3.6,1007.3,746.8,56.0,48.59,2,82,423,48.28972
424,167.4,129.9,128.6,175.5,7.8,1006.3,746.6,56.0,51.72,2,83,424,51.69442
425,172.4,13.6,172.4,156.8,4.1,1006.3,856.4,56.0,35.85,1,221,425,35.92679
426,173.5,50.1,173.5,164.8,6.5,1006.2,793.5,56.0,53.77,1,222,426,53.47506
427,167.0,75.4,167.0,164.0,7.9,1007.3,770.1,56.0,53.46,1,223,427,53.536648
428,173.8,93.4,159.9,172.3,9.7,1007.2,746.6,56.0,48.99,1,224,428,49.143208
429,190.3,0.0,125.2,166.6,9.9,1079.0,798.9,56.0,31.72,1,225,429,34.709686
430,250.0,0.0,95.7,191.8,5.3,948.9,857.2,56.0,39.64,1,226,430,39.344944
431,213.5,0.0,174.2,159.2,11.7,1043.6,771.9,56.0,51.26,1,227,431,50.760147
432,194.7,0.0,100.5,170.2,7.5,998.0,901.8,56.0,43.39,1,228,432,43.73919
433,251.4,0.0,118.3,192.9,5.8,1043.6,754.3,56.0,39.27,1,229,433,38.92139
434,165.0,0.0,143.6,163.8,0.0,1005.6,900.9,100.0,37.96,1,230,434,37.891773
435,165.0,128.5,132.1,175.1,8.1,1005.8,746.6,100.0,55.02,2,84,435,53.509388
436,178.0,129.8,118.6,179.9,3.6,1007.3,746.8,100.0,49.99,2,85,436,48.7742
437,167.4,129.9,128.6,175.5,7.8,1006.3,746.6,100.0,53.66,2,86,437,52.307182
438,172.4,13.6,172.4,156.8,4.1,1006.3,856.4,100.0,37.68,1,231,438,38.710777
439,173.5,50.1,173.5,164.8,6.5,1006.2,793.5,100.0,56.06,1,232,439,56.01484
440,167.0,75.4,167.0,164.0,7.9,1007.3,770.1,100.0,56.81,1,233,440,56.931484
441,173.8,93.4,159.9,172.3,9.7,1007.2,746.6,100.0,50.94,1,234,441,50.742886
442,190.3,0.0,125.2,166.6,9.9,1079.0,798.9,100.0,33.56,1,235,442,33.944183
443,250.0,0.0,95.7,191.8,5.3,948.9,857.2,100.0,41.16,1,236,443,41.600704
444,213.5,0.0,174.2,159.2,11.7,1043.6,771.9,100.0,52.96,1,237,444,53.49014
445,194.7,0.0,100.5,170.2,7.5,998.0,901.8,100.0,44.28,1,238,445,44.255863
446,251.4,0.0,118.3,192.9,5.8,1043.6,754.3,100.0,40.15,1,239,446,40.330704
447,446.0,24.0,79.0,162.0,11.6,967.0,712.0,28.0,57.03,0,120,447,51.03056
448,446.0,24.0,79.0,162.0,11.6,967.0,712.0,28.0,44.42,0,121,448,51.03056
449,446.0,24.0,79.0,162.0,11.6,967.0,712.0,28.0,51.02,0,122,449,51.03056
450,446.0,24.0,79.0,162.0,10.3,967.0,712.0,28.0,53.39,0,123,450,53.024876
451,446.0,24.0,79.0,162.0,11.6,967.0,712.0,3.0,35.36,0,124,451,24.271566
452,446.0,24.0,79.0,162.0,11.6,967.0,712.0,3.0,25.02,0,125,452,24.271566
453,446.0,24.0,79.0,162.0,11.6,967.0,712.0,3.0,23.35,0,126,453,24.271566
454,446.0,24.0,79.0,162.0,11.6,967.0,712.0,7.0,52.01,0,127,454,42.569717
455,446.0,24.0,79.0,162.0,11.6,967.0,712.0,7.0,38.02,0,128,455,42.569717
456,446.0,24.0,79.0,162.0,11.6,967.0,712.0,7.0,39.3,0,129,456,42.569717
457,446.0,24.0,79.0,162.0,11.6,967.0,712.0,56.0,61.07,0,130,457,56.799652
458,446.0,24.0,79.0,162.0,11.6,967.0,712.0,56.0,56.14,0,131,458,56.799652
459,446.0,24.0,79.0,162.0,11.6,967.0,712.0,56.0,55.25,0,132,459,56.799652
460,446.0,24.0,79.0,162.0,10.3,967.0,712.0,56.0,54.77,0,133,460,55.618046
461,387.0,20.0,94.0,157.0,14.3,938.0,845.0,28.0,50.24,0,134,461,49.28484
462,387.0,20.0,94.0,157.0,13.9,938.0,845.0,28.0,46.68,0,135,462,47.452225
463,387.0,20.0,94.0,157.0,11.6,938.0,845.0,28.0,46.68,0,136,463,47.157658
464,387.0,20.0,94.0,157.0,14.3,938.0,845.0,3.0,22.75,0,137,464,22.93583
465,387.0,20.0,94.0,157.0,13.9,938.0,845.0,3.0,25.51,0,138,465,24.996325
466,387.0,20.0,94.0,157.0,11.6,938.0,845.0,3.0,34.77,0,139,466,24.977743
467,387.0,20.0,94.0,157.0,14.3,938.0,845.0,7.0,36.84,0,140,467,37.949196
468,387.0,20.0,94.0,157.0,13.9,938.0,845.0,7.0,45.9,0,141,468,42.980904
469,387.0,20.0,94.0,157.0,11.6,938.0,845.0,7.0,41.67,0,142,469,41.450436
470,387.0,20.0,94.0,157.0,14.3,938.0,845.0,56.0,56.34,0,143,470,56.38507
471,387.0,20.0,94.0,157.0,13.9,938.0,845.0,56.0,47.97,0,144,471,56.38507
472,387.0,20.0,94.0,157.0,11.6,938.0,845.0,56.0,61.46,0,145,472,60.020004
473,355.0,19.0,97.0,145.0,13.1,967.0,871.0,28.0,44.03,0,146,473,54.9647
474,355.0,19.0,97.0,145.0,12.3,967.0,871.0,28.0,55.45,0,147,474,54.9647
475,491.0,26.0,123.0,210.0,3.9,882.0,699.0,28.0,55.55,0,148,475,55.029488
476,491.0,26.0,123.0,201.0,3.9,822.0,699.0,28.0,57.92,0,149,476,57.151382
477,491.0,26.0,123.0,210.0,3.9,882.0,699.0,3.0,25.61,0,150,477,25.320326
478,491.0,26.0,123.0,210.0,3.9,882.0,699.0,7.0,33.49,0,151,478,33.783413
479,491.0,26.0,123.0,210.0,3.9,882.0,699.0,56.0,59.59,0,152,479,58.851315
480,491.0,26.0,123.0,201.0,3.9,822.0,699.0,3.0,29.55,0,153,480,26.674566
481,491.0,26.0,123.0,201.0,3.9,822.0,699.0,7.0,37.92,0,154,481,37.509937
482,491.0,26.0,123.0,201.0,3.9,822.0,699.0,56.0,61.86,0,155,482,59.78599
483,424.0,22.0,132.0,178.0,8.5,822.0,750.0,28.0,62.05,0,156,483,61.87163
484,424.0,22.0,132.0,178.0,8.5,882.0,750.0,3.0,32.01,0,157,484,31.18158
485,424.0,22.0,132.0,168.0,8.9,822.0,750.0,28.0,72.1,0,158,485,68.66048
486,424.0,22.0,132.0,178.0,8.5,822.0,750.0,7.0,39.0,0,159,486,39.162724
487,424.0,22.0,132.0,178.0,8.5,822.0,750.0,56.0,65.7,0,160,487,65.00847
488,424.0,22.0,132.0,168.0,8.9,822.0,750.0,3.0,32.11,0,161,488,31.23742
489,424.0,22.0,132.0,168.0,8.9,822.0,750.0,7.0,40.29,0,162,489,40.074528
490,424.0,22.0,132.0,168.0,8.9,822.0,750.0,56.0,74.36,0,163,490,66.637184
491,202.0,11.0,141.0,206.0,1.7,942.0,801.0,28.0,21.97,1,240,491,24.637789
492,202.0,11.0,141.0,206.0,1.7,942.0,801.0,3.0,9.85,1,241,492,10.048191
493,202.0,11.0,141.0,206.0,1.7,942.0,801.0,7.0,15.07,1,242,493,14.799892
494,202.0,11.0,141.0,206.0,1.7,942.0,801.0,56.0,23.25,1,243,494,23.387918
495,284.0,15.0,141.0,179.0,5.5,842.0,801.0,28.0,43.73,1,244,495,43.635357
496,284.0,15.0,141.0,179.0,5.5,842.0,801.0,3.0,13.4,1,245,496,13.290316
497,284.0,15.0,141.0,179.0,5.5,842.0,801.0,7.0,24.13,1,246,497,24.176456
498,284.0,15.0,141.0,179.0,5.5,842.0,801.0,56.0,44.52,1,247,498,44.614304
499,359.0,19.0,141.0,154.0,10.9,942.0,801.0,28.0,62.94,0,164,499,60.720833
500,359.0,19.0,141.0,154.0,10.9,942.0,801.0,28.0,59.49,0,165,500,60.720833
501,359.0,19.0,141.0,154.0,10.9,942.0,801.0,3.0,25.12,0,166,501,25.05447
502,359.0,19.0,141.0,154.0,10.9,942.0,801.0,3.0,23.64,0,167,502,25.05447
503,359.0,19.0,141.0,154.0,10.9,942.0,801.0,7.0,35.75,0,168,503,37.233994
504,359.0,19.0,141.0,154.0,10.9,942.0,801.0,7.0,38.61,0,169,504,37.233994
505,359.0,19.0,141.0,154.0,10.9,942.0,801.0,56.0,68.75,0,170,505,66.37174
506,359.0,19.0,141.0,154.0,10.9,942.0,801.0,56.0,66.78,0,171,506,66.37174
507,436.0,0.0,0.0,218.0,0.0,838.4,719.7,28.0,23.85,0,172,507,47.794773
508,289.0,0.0,0.0,192.0,0.0,913.2,895.3,90.0,32.07,1,248,508,31.966976
509,289.0,0.0,0.0,192.0,0.0,913.2,895.3,3.0,11.65,1,249,509,11.62756
510,393.0,0.0,0.0,192.0,0.0,940.6,785.6,3.0,19.2,0,173,510,18.408588
511,393.0,0.0,0.0,192.0,0.0,940.6,785.6,90.0,48.85,0,174,511,47.731106
512,393.0,0.0,0.0,192.0,0.0,940.6,785.6,28.0,39.6,0,175,512,38.741497
513,480.0,0.0,0.0,192.0,0.0,936.2,712.2,28.0,43.94,0,176,513,50.512966
514,480.0,0.0,0.0,192.0,0.0,936.2,712.2,7.0,34.57,0,177,514,40.06895
515,480.0,0.0,0.0,192.0,0.0,936.2,712.2,90.0,54.32,0,178,515,54.07885
516,480.0,0.0,0.0,192.0,0.0,936.2,712.2,3.0,24.4,0,179,516,28.530478
517,333.0,0.0,0.0,192.0,0.0,931.2,842.6,3.0,15.62,0,180,517,15.49866
518,255.0,0.0,0.0,192.0,0.0,889.8,945.0,90.0,21.86,1,250,518,21.91264
519,255.0,0.0,0.0,192.0,0.0,889.8,945.0,7.0,10.22,1,251,519,10.246766
520,289.0,0.0,0.0,192.0,0.0,913.2,895.3,7.0,14.6,1,252,520,14.564804
521,255.0,0.0,0.0,192.0,0.0,889.8,945.0,28.0,18.75,1,253,521,18.777346
522,333.0,0.0,0.0,192.0,0.0,931.2,842.6,28.0,31.97,0,181,522,34.48701
523,333.0,0.0,0.0,192.0,0.0,931.2,842.6,7.0,23.4,0,182,523,22.317848
524,289.0,0.0,0.0,192.0,0.0,913.2,895.3,28.0,25.57,1,254,524,25.520296
525,333.0,0.0,0.0,192.0,0.0,931.2,842.6,90.0,41.68,0,183,525,41.019493
526,393.0,0.0,0.0,192.0,0.0,940.6,785.6,7.0,27.74,0,184,526,27.137451
527,255.0,0.0,0.0,192.0,0.0,889.8,945.0,3.0,8.2,1,255,527,8.604269
528,158.8,238.2,0.0,185.7,0.0,1040.6,734.3,7.0,9.62,2,87,528,9.279116
529,239.6,359.4,0.0,185.7,0.0,941.6,664.3,7.0,25.42,2,88,529,24.481705
530,238.2,158.8,0.0,185.7,0.0,1040.6,734.3,7.0,15.69,2,89,530,15.900593
531,181.9,272.8,0.0,185.7,0.0,1012.4,714.3,28.0,27.94,2,90,531,28.648382
532,193.5,290.2,0.0,185.7,0.0,998.2,704.3,28.0,32.63,2,91,532,32.21044
533,255.5,170.3,0.0,185.7,0.0,1026.6,724.3,7.0,17.24,2,92,533,17.162144
534,272.8,181.9,0.0,185.7,0.0,1012.4,714.3,7.0,19.77,2,93,534,19.829418
535,239.6,359.4,0.0,185.7,0.0,941.6,664.3,28.0,39.44,2,94,535,41.47119
536,220.8,147.2,0.0,185.7,0.0,1055.0,744.3,28.0,25.75,2,95,536,25.471884
537,397.0,0.0,0.0,185.7,0.0,1040.6,734.3,28.0,33.08,0,185,537,33.272972
538,382.5,0.0,0.0,185.7,0.0,1047.8,739.3,7.0,24.07,0,186,538,23.963835
539,210.7,316.1,0.0,185.7,0.0,977.0,689.3,7.0,21.82,2,96,539,21.24361
540,158.8,238.2,0.0,185.7,0.0,1040.6,734.3,28.0,21.07,2,97,540,21.626564
541,295.8,0.0,0.0,185.7,0.0,1091.4,769.3,7.0,14.84,1,256,541,15.3327055
542,255.5,170.3,0.0,185.7,0.0,1026.6,724.3,28.0,32.05,2,98,542,31.246925
543,203.5,135.7,0.0,185.7,0.0,1076.2,759.3,7.0,11.96,2,99,543,11.634416
544,397.0,0.0,0.0,185.7,0.0,1040.6,734.3,7.0,25.45,0,187,544,25.41189
545,381.4,0.0,0.0,185.7,0.0,1104.6,784.3,28.0,22.49,0,188,545,22.376968
546,295.8,0.0,0.0,185.7,0.0,1091.4,769.3,28.0,25.22,1,257,546,24.683332
547,228.0,342.1,0.0,185.7,0.0,955.8,674.3,28.0,39.7,2,100,547,38.943333
548,220.8,147.2,0.0,185.7,0.0,1055.0,744.3,7.0,13.09,2,101,548,15.866999
549,316.1,210.7,0.0,185.7,0.0,977.0,689.3,28.0,38.7,2,102,549,38.22421
550,135.7,203.5,0.0,185.7,0.0,1076.2,759.3,7.0,7.51,2,103,550,7.77787
551,238.1,0.0,0.0,185.7,0.0,1118.8,789.3,28.0,17.58,1,258,551,17.54007
552,339.2,0.0,0.0,185.7,0.0,1069.2,754.3,7.0,21.18,0,189,552,21.204609
553,135.7,203.5,0.0,185.7,0.0,1076.2,759.3,28.0,18.2,2,104,553,18.074917
554,193.5,290.2,0.0,185.7,0.0,998.2,704.3,7.0,17.2,2,105,554,17.650526
555,203.5,135.7,0.0,185.7,0.0,1076.2,759.3,28.0,22.63,2,106,555,23.00452
556,290.2,193.5,0.0,185.7,0.0,998.2,704.3,7.0,21.86,2,107,556,21.60859
557,181.9,272.8,0.0,185.7,0.0,1012.4,714.3,7.0,12.37,2,108,557,12.77603
558,170.3,155.5,0.0,185.7,0.0,1026.6,724.3,28.0,25.73,2,109,558,26.527927
559,210.7,316.1,0.0,185.7,0.0,977.0,689.3,28.0,37.81,2,110,559,35.861057
560,228.0,342.1,0.0,185.7,0.0,955.8,674.3,7.0,21.92,2,111,560,22.316746
561,290.2,193.5,0.0,185.7,0.0,998.2,704.3,28.0,33.04,2,112,561,33.4126
562,381.4,0.0,0.0,185.7,0.0,1104.6,784.3,7.0,14.54,0,190,562,14.495123
563,238.2,158.8,0.0,185.7,0.0,1040.6,734.3,28.0,26.91,2,113,563,28.126118
564,186.2,124.1,0.0,185.7,0.0,1083.4,764.3,7.0,8.0,2,114,564,9.106466
565,339.2,0.0,0.0,185.7,0.0,1069.2,754.3,28.0,31.9,0,191,565,31.606056
566,238.1,0.0,0.0,185.7,0.0,1118.8,789.3,7.0,10.34,1,259,566,10.407199
567,252.5,0.0,0.0,185.7,0.0,1111.6,784.3,28.0,19.77,1,260,567,19.087431
568,382.5,0.0,0.0,185.7,0.0,1047.8,739.3,28.0,37.44,0,192,568,36.687794
569,252.5,0.0,0.0,185.7,0.0,1111.6,784.3,7.0,11.48,1,261,569,11.503611
570,316.1,210.7,0.0,185.7,0.0,977.0,689.3,7.0,24.44,2,115,570,24.4951
571,186.2,124.1,0.0,185.7,0.0,1083.4,764.3,28.0,17.6,2,116,571,17.445742
572,170.3,155.5,0.0,185.7,0.0,1026.6,724.3,7.0,10.73,2,117,572,10.9772
573,272.8,181.9,0.0,185.7,0.0,1012.4,714.3,28.0,31.38,2,118,573,32.450672
574,339.0,0.0,0.0,197.0,0.0,968.0,781.0,3.0,13.22,0,193,574,13.505354
575,339.0,0.0,0.0,197.0,0.0,968.0,781.0,7.0,20.97,0,194,575,20.707249
576,339.0,0.0,0.0,197.0,0.0,968.0,781.0,14.0,27.04,0,195,576,25.071455
577,339.0,0.0,0.0,197.0,0.0,968.0,781.0,28.0,32.04,0,196,577,32.0804
578,339.0,0.0,0.0,197.0,0.0,968.0,781.0,90.0,35.17,0,197,578,34.844517
579,339.0,0.0,0.0,197.0,0.0,968.0,781.0,180.0,36.45,0,198,579,36.154167
580,339.0,0.0,0.0,197.0,0.0,968.0,781.0,365.0,38.89,0,199,580,37.687042
581,236.0,0.0,0.0,194.0,0.0,968.0,885.0,3.0,6.47,1,262,581,6.626558
582,236.0,0.0,0.0,194.0,0.0,968.0,885.0,14.0,12.84,1,263,582,13.338537
583,236.0,0.0,0.0,194.0,0.0,968.0,885.0,28.0,18.42,1,264,583,17.793854
584,236.0,0.0,0.0,194.0,0.0,968.0,885.0,90.0,21.95,1,265,584,21.946846
585,236.0,0.0,0.0,193.0,0.0,968.0,885.0,180.0,24.1,1,266,585,24.156797
586,236.0,0.0,0.0,193.0,0.0,968.0,885.0,365.0,25.08,1,267,586,25.184885
587,277.0,0.0,0.0,191.0,0.0,968.0,856.0,14.0,21.26,1,268,587,21.585276
588,277.0,0.0,0.0,191.0,0.0,968.0,856.0,28.0,25.97,1,269,588,26.115538
589,277.0,0.0,0.0,191.0,0.0,968.0,856.0,3.0,11.36,1,270,589,11.024893
590,277.0,0.0,0.0,191.0,0.0,968.0,856.0,90.0,31.25,1,271,590,31.032072
591,277.0,0.0,0.0,191.0,0.0,968.0,856.0,180.0,32.33,1,272,591,32.43376
592,277.0,0.0,0.0,191.0,0.0,968.0,856.0,360.0,33.7,0,200,592,33.43746
593,254.0,0.0,0.0,198.0,0.0,968.0,863.0,3.0,9.31,1,273,593,9.216715
594,254.0,0.0,0.0,198.0,0.0,968.0,863.0,90.0,26.94,1,274,594,26.99976
595,254.0,0.0,0.0,198.0,0.0,968.0,863.0,180.0,27.63,1,275,595,27.642073
596,254.0,0.0,0.0,198.0,0.0,968.0,863.0,365.0,29.79,1,276,596,29.641891
597,307.0,0.0,0.0,193.0,0.0,968.0,812.0,180.0,34.49,0,201,597,34.440613
598,307.0,0.0,0.0,193.0,0.0,968.0,812.0,365.0,36.15,0,202,598,36.149883
599,307.0,0.0,0.0,193.0,0.0,968.0,812.0,3.0,12.54,0,203,599,12.513878
600,307.0,0.0,0.0,193.0,0.0,968.0,812.0,28.0,27.53,0,204,600,28.317736
601,307.0,0.0,0.0,193.0,0.0,968.0,812.0,90.0,32.92,0,205,601,32.873215
602,236.0,0.0,0.0,193.0,0.0,968.0,885.0,7.0,9.99,1,277,602,9.946491
603,200.0,0.0,0.0,180.0,0.0,1125.0,845.0,7.0,7.84,1,278,603,7.878099
604,200.0,0.0,0.0,180.0,0.0,1125.0,845.0,28.0,12.25,1,279,604,12.18881
605,225.0,0.0,0.0,181.0,0.0,1113.0,833.0,7.0,11.17,1,280,605,10.868831
606,225.0,0.0,0.0,181.0,0.0,1113.0,833.0,28.0,17.34,1,281,606,17.366327
607,325.0,0.0,0.0,184.0,0.0,1063.0,783.0,7.0,17.54,0,206,607,17.162111
608,325.0,0.0,0.0,184.0,0.0,1063.0,783.0,28.0,30.57,0,207,608,30.472486
609,275.0,0.0,0.0,183.0,0.0,1088.0,808.0,7.0,14.2,1,282,609,14.026829
610,275.0,0.0,0.0,183.0,0.0,1088.0,808.0,28.0,24.5,1,283,610,24.700493
611,300.0,0.0,0.0,184.0,0.0,1075.0,795.0,7.0,15.58,1,284,611,15.7560005
612,300.0,0.0,0.0,184.0,0.0,1075.0,795.0,28.0,26.85,1,285,612,26.76089
613,375.0,0.0,0.0,186.0,0.0,1038.0,758.0,7.0,26.06,0,208,613,25.135653
614,375.0,0.0,0.0,186.0,0.0,1038.0,758.0,28.0,38.21,0,209,614,37.103554
615,400.0,0.0,0.0,187.0,0.0,1025.0,745.0,28.0,43.7,0,210,615,42.081882
616,400.0,0.0,0.0,187.0,0.0,1025.0,745.0,7.0,30.14,0,211,616,30.471321
617,250.0,0.0,0.0,182.0,0.0,1100.0,820.0,7.0,12.73,1,286,617,12.731156
618,250.0,0.0,0.0,182.0,0.0,1100.0,820.0,28.0,20.87,1,287,618,21.138138
619,350.0,0.0,0.0,186.0,0.0,1050.0,770.0,7.0,20.28,0,212,619,20.143839
620,350.0,0.0,0.0,186.0,0.0,1050.0,770.0,28.0,34.29,0,213,620,34.37547
621,203.5,305.3,0.0,203.5,0.0,963.4,630.0,7.0,19.54,2,119,621,19.583832
622,250.2,166.8,0.0,203.5,0.0,977.6,694.1,90.0,47.71,2,120,622,46.707558
623,157.0,236.0,0.0,192.0,0.0,935.4,781.2,90.0,43.38,2,121,623,42.14869
624,141.3,212.0,0.0,203.5,0.0,971.8,748.5,28.0,29.89,2,122,624,29.332449
625,166.8,250.2,0.0,203.5,0.0,975.6,692.6,3.0,6.9,2,123,625,7.006336
626,122.6,183.9,0.0,203.5,0.0,958.2,800.1,90.0,33.19,2,124,626,33.050755
627,183.9,122.6,0.0,203.5,0.0,959.2,800.0,3.0,4.9,2,125,627,5.001721
628,102.0,153.0,0.0,192.0,0.0,887.0,942.0,3.0,4.57,2,126,628,2.979575
629,102.0,153.0,0.0,192.0,0.0,887.0,942.0,90.0,25.46,2,127,629,25.30521
630,122.6,183.9,0.0,203.5,0.0,958.2,800.1,28.0,24.29,2,128,630,23.982819
631,166.8,250.2,0.0,203.5,0.0,975.6,692.6,28.0,33.95,2,129,631,33.63156
632,200.0,133.0,0.0,192.0,0.0,965.4,806.2,3.0,11.41,2,130,632,11.321582
633,108.3,162.4,0.0,203.5,0.0,938.2,849.0,28.0,20.59,2,131,633,20.424353
634,305.3,203.5,0.0,203.5,0.0,965.4,631.0,7.0,25.89,2,132,634,23.037066
635,108.3,162.4,0.0,203.5,0.0,938.2,849.0,90.0,29.23,2,133,635,28.912691
636,116.0,173.0,0.0,192.0,0.0,909.8,891.9,90.0,31.02,2,134,636,30.309452
637,141.3,212.0,0.0,203.5,0.0,971.8,748.5,7.0,10.39,2,135,637,10.99509
638,157.0,236.0,0.0,192.0,0.0,935.4,781.2,28.0,33.66,2,136,638,33.072388
639,133.0,200.0,0.0,192.0,0.0,927.4,839.2,28.0,27.87,2,137,639,28.246847
640,250.2,166.8,0.0,203.5,0.0,977.6,694.1,7.0,19.35,2,138,640,19.367796
641,173.0,116.0,0.0,192.0,0.0,946.8,856.8,7.0,11.39,2,139,641,11.248357
642,192.0,288.0,0.0,192.0,0.0,929.8,716.1,3.0,12.79,2,140,642,12.549399
643,192.0,288.0,0.0,192.0,0.0,929.8,716.1,28.0,39.32,2,141,643,37.51319
644,153.0,102.0,0.0,192.0,0.0,888.0,943.1,3.0,4.78,2,142,644,4.8291693
645,288.0,192.0,0.0,192.0,0.0,932.0,717.8,3.0,16.11,2,143,645,16.36568
646,305.3,203.5,0.0,203.5,0.0,965.4,631.0,28.0,43.38,2,144,646,43.7498
647,236.0,157.0,0.0,192.0,0.0,972.6,749.1,7.0,20.42,2,145,647,20.185713
648,173.0,116.0,0.0,192.0,0.0,946.8,856.8,3.0,6.94,2,146,648,6.8677473
649,212.0,141.3,0.0,203.5,0.0,973.4,750.0,7.0,15.03,2,147,649,15.327138
650,236.0,157.0,0.0,192.0,0.0,972.6,749.1,3.0,13.57,2,148,650,13.235229
651,183.9,122.6,0.0,203.5,0.0,959.2,800.0,90.0,32.53,2,149,651,32.41942
652,166.8,250.2,0.0,203.5,0.0,975.6,692.6,7.0,15.75,2,150,652,15.18914
653,102.0,153.0,0.0,192.0,0.0,887.0,942.0,7.0,7.68,2,151,653,7.544835
654,288.0,192.0,0.0,192.0,0.0,932.0,717.8,28.0,38.8,2,152,654,39.291706
655,212.0,141.3,0.0,203.5,0.0,973.4,750.0,28.0,33.0,2,153,655,32.56013
656,102.0,153.0,0.0,192.0,0.0,887.0,942.0,28.0,17.28,2,154,656,17.621857
657,173.0,116.0,0.0,192.0,0.0,946.8,856.8,28.0,24.28,2,155,657,23.493622
658,183.9,122.6,0.0,203.5,0.0,959.2,800.0,28.0,24.05,2,156,658,24.321486
659,133.0,200.0,0.0,192.0,0.0,927.4,839.2,90.0,36.59,2,157,659,36.3386
660,192.0,288.0,0.0,192.0,0.0,929.8,716.1,90.0,50.73,2,158,660,49.505188
661,133.0,200.0,0.0,192.0,0.0,927.4,839.2,7.0,13.66,2,159,661,13.226482
662,305.3,203.5,0.0,203.5,0.0,965.4,631.0,3.0,14.14,2,160,662,14.036651
663,236.0,157.0,0.0,192.0,0.0,972.6,749.1,90.0,47.78,2,161,663,47.204227
664,108.3,162.4,0.0,203.5,0.0,938.2,849.0,3.0,2.33,2,162,664,2.4404473
665,157.0,236.0,0.0,192.0,0.0,935.4,781.2,7.0,16.89,2,163,665,13.856786
666,288.0,192.0,0.0,192.0,0.0,932.0,717.8,7.0,23.52,2,164,666,23.05307
667,212.0,141.3,0.0,203.5,0.0,973.4,750.0,3.0,6.81,2,165,667,6.873438
668,212.0,141.3,0.0,203.5,0.0,973.4,750.0,90.0,39.7,2,166,668,39.95234
669,153.0,102.0,0.0,192.0,0.0,888.0,943.1,28.0,17.96,2,167,669,18.06366
670,236.0,157.0,0.0,192.0,0.0,972.6,749.1,28.0,32.88,2,168,670,35.469288
671,116.0,173.0,0.0,192.0,0.0,909.8,891.9,28.0,22.35,2,169,671,22.327738
672,183.9,122.6,0.0,203.5,0.0,959.2,800.0,7.0,10.79,2,170,672,10.68928
673,108.3,162.4,0.0,203.5,0.0,938.2,849.0,7.0,7.72,2,171,673,7.9755945
674,203.5,305.3,0.0,203.5,0.0,963.4,630.0,28.0,41.68,2,172,674,39.064754
675,203.5,305.3,0.0,203.5,0.0,963.4,630.0,3.0,9.56,2,173,675,9.563349
676,133.0,200.0,0.0,192.0,0.0,927.4,839.2,3.0,6.88,2,174,676,6.963692
677,288.0,192.0,0.0,192.0,0.0,932.0,717.8,90.0,50.53,2,175,677,50.00845
678,200.0,133.0,0.0,192.0,0.0,965.4,806.2,7.0,17.17,2,176,678,16.842676
679,200.0,133.0,0.0,192.0,0.0,965.4,806.2,28.0,30.44,2,177,679,30.25133
680,250.2,166.8,0.0,203.5,0.0,977.6,694.1,3.0,9.73,2,178,680,9.7928
681,122.6,183.9,0.0,203.5,0.0,958.2,800.1,3.0,3.32,2,179,681,4.819432
682,153.0,102.0,0.0,192.0,0.0,888.0,943.1,90.0,26.32,2,180,682,28.60896
683,200.0,133.0,0.0,192.0,0.0,965.4,806.2,90.0,43.25,2,181,683,41.15495
684,116.0,173.0,0.0,192.0,0.0,909.8,891.9,3.0,6.28,2,182,684,5.35864
685,173.0,116.0,0.0,192.0,0.0,946.8,856.8,90.0,32.1,2,183,685,31.884108
686,250.2,166.8,0.0,203.5,0.0,977.6,694.1,28.0,36.96,2,184,686,36.92063
687,305.3,203.5,0.0,203.5,0.0,965.4,631.0,90.0,54.6,2,185,687,52.761948
688,192.0,288.0,0.0,192.0,0.0,929.8,716.1,7.0,21.48,2,186,688,21.681923
689,157.0,236.0,0.0,192.0,0.0,935.4,781.2,3.0,9.69,2,187,689,9.672702
690,153.0,102.0,0.0,192.0,0.0,888.0,943.1,7.0,8.37,2,188,690,8.403524
691,141.3,212.0,0.0,203.5,0.0,971.8,748.5,90.0,39.66,2,189,691,39.45032
692,116.0,173.0,0.0,192.0,0.0,909.8,891.9,7.0,10.09,2,190,692,10.099563
693,141.3,212.0,0.0,203.5,0.0,971.8,748.5,3.0,4.83,2,191,693,4.85155
694,122.6,183.9,0.0,203.5,0.0,958.2,800.1,7.0,10.35,2,192,694,10.483925
695,166.8,250.2,0.0,203.5,0.0,975.6,692.6,90.0,43.57,2,193,695,43.8522
696,203.5,305.3,0.0,203.5,0.0,963.4,630.0,90.0,51.86,2,194,696,51.37423
697,310.0,0.0,0.0,192.0,0.0,1012.0,830.0,3.0,11.85,1,288,697,11.986652
698,310.0,0.0,0.0,192.0,0.0,1012.0,830.0,7.0,17.24,1,289,698,13.345963
699,310.0,0.0,0.0,192.0,0.0,1012.0,830.0,28.0,27.83,1,290,699,27.622622
700,310.0,0.0,0.0,192.0,0.0,1012.0,830.0,90.0,35.76,0,214,700,35.66995
701,310.0,0.0,0.0,192.0,0.0,1012.0,830.0,120.0,38.7,0,215,701,38.249504
702,331.0,0.0,0.0,192.0,0.0,1025.0,821.0,3.0,14.31,0,216,702,14.270256
703,331.0,0.0,0.0,192.0,0.0,1025.0,821.0,7.0,17.44,0,217,703,17.135681
704,331.0,0.0,0.0,192.0,0.0,1025.0,821.0,28.0,31.74,0,218,704,31.818615
705,331.0,0.0,0.0,192.0,0.0,1025.0,821.0,90.0,37.91,0,219,705,37.53832
706,331.0,0.0,0.0,192.0,0.0,1025.0,821.0,120.0,39.38,0,220,706,39.511597
707,349.0,0.0,0.0,192.0,0.0,1056.0,809.0,3.0,15.87,0,221,707,14.762246
708,349.0,0.0,0.0,192.0,0.0,1056.0,809.0,7.0,9.01,0,222,708,10.3236475
709,349.0,0.0,0.0,192.0,0.0,1056.0,809.0,28.0,33.61,0,223,709,33.30268
710,349.0,0.0,0.0,192.0,0.0,1056.0,809.0,90.0,40.66,0,224,710,39.570442
711,349.0,0.0,0.0,192.0,0.0,1056.0,809.0,120.0,40.86,0,225,711,40.588314
712,238.0,0.0,0.0,186.0,0.0,1119.0,789.0,7.0,12.05,1,291,712,11.934674
713,238.0,0.0,0.0,186.0,0.0,1119.0,789.0,28.0,17.54,1,292,713,17.584978
714,296.0,0.0,0.0,186.0,0.0,1090.0,769.0,7.0,18.91,1,293,714,18.46125
715,296.0,0.0,0.0,186.0,0.0,1090.0,769.0,28.0,25.18,1,294,715,25.447021
716,297.0,0.0,0.0,186.0,0.0,1040.0,734.0,7.0,30.96,0,226,716,29.441526
717,480.0,0.0,0.0,192.0,0.0,936.0,721.0,28.0,43.89,0,227,717,44.425354
718,480.0,0.0,0.0,192.0,0.0,936.0,721.0,90.0,54.28,0,228,718,53.456398
719,397.0,0.0,0.0,186.0,0.0,1040.0,734.0,28.0,36.94,0,229,719,37.582157
720,281.0,0.0,0.0,186.0,0.0,1104.0,774.0,7.0,14.5,1,295,720,14.353198
721,281.0,0.0,0.0,185.0,0.0,1104.0,774.0,28.0,22.44,1,296,721,22.4573
722,500.0,0.0,0.0,200.0,0.0,1125.0,613.0,1.0,12.64,0,230,722,12.5351715
723,500.0,0.0,0.0,200.0,0.0,1125.0,613.0,3.0,26.06,0,231,723,25.228264
724,500.0,0.0,0.0,200.0,0.0,1125.0,613.0,7.0,33.21,0,232,724,32.81572
725,500.0,0.0,0.0,200.0,0.0,1125.0,613.0,14.0,36.94,0,233,725,36.530518
726,500.0,0.0,0.0,200.0,0.0,1125.0,613.0,28.0,44.09,0,234,726,44.260277
727,540.0,0.0,0.0,173.0,0.0,1125.0,613.0,7.0,52.61,0,235,727,51.85814
728,540.0,0.0,0.0,173.0,0.0,1125.0,613.0,14.0,59.76,0,236,728,59.619648
729,540.0,0.0,0.0,173.0,0.0,1125.0,613.0,28.0,67.31,0,237,729,67.528984
730,540.0,0.0,0.0,173.0,0.0,1125.0,613.0,90.0,69.66,0,238,730,69.26139
731,540.0,0.0,0.0,173.0,0.0,1125.0,613.0,180.0,71.62,0,239,731,70.47014
732,540.0,0.0,0.0,173.0,0.0,1125.0,613.0,270.0,74.17,0,240,732,71.408646
733,350.0,0.0,0.0,203.0,0.0,974.0,775.0,7.0,18.13,0,241,733,18.304928
734,350.0,0.0,0.0,203.0,0.0,974.0,775.0,14.0,22.53,0,242,734,22.517868
735,350.0,0.0,0.0,203.0,0.0,974.0,775.0,28.0,27.34,0,243,735,27.79591
736,350.0,0.0,0.0,203.0,0.0,974.0,775.0,56.0,29.98,0,244,736,30.289911
737,350.0,0.0,0.0,203.0,0.0,974.0,775.0,90.0,31.35,0,245,737,31.227623
738,350.0,0.0,0.0,203.0,0.0,974.0,775.0,180.0,32.72,0,246,738,32.704597
739,385.0,0.0,0.0,186.0,0.0,966.0,763.0,1.0,6.27,0,247,739,6.314556
740,385.0,0.0,0.0,186.0,0.0,966.0,763.0,3.0,14.7,0,248,740,11.943506
741,385.0,0.0,0.0,186.0,0.0,966.0,763.0,7.0,23.22,0,249,741,22.516853
742,385.0,0.0,0.0,186.0,0.0,966.0,763.0,14.0,27.92,0,250,742,23.687532
743,385.0,0.0,0.0,186.0,0.0,966.0,763.0,28.0,31.35,0,251,743,31.8586
744,331.0,0.0,0.0,192.0,0.0,978.0,825.0,180.0,39.0,0,252,744,39.124413
745,331.0,0.0,0.0,192.0,0.0,978.0,825.0,360.0,41.24,0,253,745,40.42517
746,349.0,0.0,0.0,192.0,0.0,1047.0,806.0,3.0,14.99,0,254,746,15.435937
747,331.0,0.0,0.0,192.0,0.0,978.0,825.0,3.0,13.52,0,255,747,13.442992
748,382.0,0.0,0.0,186.0,0.0,1047.0,739.0,7.0,24.0,0,256,748,24.007534
749,382.0,0.0,0.0,186.0,0.0,1047.0,739.0,28.0,37.42,0,257,749,36.687794
750,382.0,0.0,0.0,186.0,0.0,1111.0,784.0,7.0,11.47,0,258,750,11.545539
751,281.0,0.0,0.0,186.0,0.0,1104.0,774.0,28.0,22.44,1,297,751,22.511324
752,339.0,0.0,0.0,185.0,0.0,1069.0,754.0,7.0,21.16,0,259,752,21.163708
753,339.0,0.0,0.0,185.0,0.0,1069.0,754.0,28.0,31.84,0,260,753,31.490654
754,295.0,0.0,0.0,185.0,0.0,1069.0,769.0,7.0,14.8,1,298,754,14.878916
755,295.0,0.0,0.0,185.0,0.0,1069.0,769.0,28.0,25.18,1,299,755,24.431665
756,238.0,0.0,0.0,185.0,0.0,1118.0,789.0,28.0,17.54,1,300,756,17.58286
757,296.0,0.0,0.0,192.0,0.0,1085.0,765.0,7.0,14.2,1,301,757,14.229837
758,296.0,0.0,0.0,192.0,0.0,1085.0,765.0,28.0,21.65,1,302,758,21.893503
759,296.0,0.0,0.0,192.0,0.0,1085.0,765.0,90.0,29.39,1,303,759,29.365683
760,331.0,0.0,0.0,192.0,0.0,879.0,825.0,3.0,13.52,0,261,760,15.324928
761,331.0,0.0,0.0,192.0,0.0,978.0,825.0,7.0,16.26,0,262,761,16.518791
762,331.0,0.0,0.0,192.0,0.0,978.0,825.0,28.0,31.45,0,263,762,31.342125
763,331.0,0.0,0.0,192.0,0.0,978.0,825.0,90.0,37.23,0,264,763,37.086037
764,349.0,0.0,0.0,192.0,0.0,1047.0,806.0,7.0,18.13,0,265,764,17.927645
765,349.0,0.0,0.0,192.0,0.0,1047.0,806.0,28.0,32.72,0,266,765,33.215023
766,349.0,0.0,0.0,192.0,0.0,1047.0,806.0,90.0,39.49,0,267,766,39.570442
767,349.0,0.0,0.0,192.0,0.0,1047.0,806.0,180.0,41.05,0,268,767,40.722305
768,349.0,0.0,0.0,192.0,0.0,1047.0,806.0,360.0,42.13,0,269,768,41.41108
769,302.0,0.0,0.0,203.0,0.0,974.0,817.0,14.0,18.13,0,270,769,17.998604
770,302.0,0.0,0.0,203.0,0.0,974.0,817.0,180.0,26.74,0,271,770,26.586725
771,525.0,0.0,0.0,189.0,0.0,1125.0,613.0,180.0,61.92,0,272,771,62.116558
772,500.0,0.0,0.0,200.0,0.0,1125.0,613.0,90.0,47.22,0,273,772,47.58856
773,500.0,0.0,0.0,200.0,0.0,1125.0,613.0,180.0,51.04,0,274,773,50.829292
774,500.0,0.0,0.0,200.0,0.0,1125.0,613.0,270.0,55.16,0,275,774,54.125866
775,540.0,0.0,0.0,173.0,0.0,1125.0,613.0,3.0,41.64,0,276,775,40.274364
776,252.0,0.0,0.0,185.0,0.0,1111.0,784.0,7.0,13.71,1,304,776,13.381832
777,252.0,0.0,0.0,185.0,0.0,1111.0,784.0,28.0,19.69,1,305,777,19.768839
778,339.0,0.0,0.0,185.0,0.0,1060.0,754.0,28.0,31.65,0,277,778,31.58077
779,393.0,0.0,0.0,192.0,0.0,940.0,758.0,3.0,19.11,0,278,779,18.994194
780,393.0,0.0,0.0,192.0,0.0,940.0,758.0,28.0,39.58,0,279,780,39.533443
781,393.0,0.0,0.0,192.0,0.0,940.0,758.0,90.0,48.79,0,280,781,48.463272
782,382.0,0.0,0.0,185.0,0.0,1047.0,739.0,7.0,24.0,0,281,782,23.893991
783,382.0,0.0,0.0,185.0,0.0,1047.0,739.0,28.0,37.42,0,282,783,36.938263
784,252.0,0.0,0.0,186.0,0.0,1111.0,784.0,7.0,11.47,1,306,784,11.793074
785,310.0,0.0,0.0,192.0,0.0,970.0,850.0,7.0,14.99,0,283,785,14.664807
786,310.0,0.0,0.0,192.0,0.0,970.0,850.0,28.0,27.92,0,284,786,27.888563
787,310.0,0.0,0.0,192.0,0.0,970.0,850.0,90.0,34.68,0,285,787,34.739967
788,310.0,0.0,0.0,192.0,0.0,970.0,850.0,180.0,37.33,0,286,788,36.557983
789,310.0,0.0,0.0,192.0,0.0,970.0,850.0,360.0,38.11,0,287,789,37.69592
790,525.0,0.0,0.0,189.0,0.0,1125.0,613.0,3.0,33.8,0,288,790,31.926369
791,525.0,0.0,0.0,189.0,0.0,1125.0,613.0,7.0,42.42,0,289,791,42.402668
792,525.0,0.0,0.0,189.0,0.0,1125.0,613.0,14.0,48.4,0,290,792,47.53399
793,525.0,0.0,0.0,189.0,0.0,1125.0,613.0,28.0,55.94,0,291,793,55.423225
794,525.0,0.0,0.0,189.0,0.0,1125.0,613.0,90.0,58.78,0,292,794,60.91286
795,525.0,0.0,0.0,189.0,0.0,1125.0,613.0,270.0,67.11,0,293,795,64.88637
796,322.0,0.0,0.0,203.0,0.0,974.0,800.0,14.0,20.77,0,294,796,20.3605
797,322.0,0.0,0.0,203.0,0.0,974.0,800.0,28.0,25.18,0,295,797,25.218939
798,322.0,0.0,0.0,203.0,0.0,974.0,800.0,180.0,29.59,0,296,798,30.242
799,302.0,0.0,0.0,203.0,0.0,974.0,817.0,28.0,21.75,0,297,799,21.914446
800,397.0,0.0,0.0,185.0,0.0,1040.0,734.0,28.0,39.09,0,298,800,38.271877
801,480.0,0.0,0.0,192.0,0.0,936.0,721.0,3.0,24.39,0,299,801,24.164793
802,522.0,0.0,0.0,146.0,0.0,896.0,896.0,7.0,50.51,0,300,802,50.081375
803,522.0,0.0,0.0,146.0,0.0,896.0,896.0,28.0,74.99,0,301,803,73.45955
804,273.0,105.0,82.0,210.0,9.0,904.0,680.0,28.0,37.17,2,195,804,36.896633
805,162.0,190.0,148.0,179.0,19.0,838.0,741.0,28.0,33.76,2,196,805,33.78831
806,154.0,144.0,112.0,220.0,10.0,923.0,658.0,28.0,16.5,2,197,806,16.641275
807,147.0,115.0,89.0,202.0,9.0,860.0,829.0,28.0,19.99,2,198,807,19.985384
808,152.0,178.0,139.0,168.0,18.0,944.0,695.0,28.0,36.35,2,199,808,35.668354
809,310.0,143.0,111.0,168.0,22.0,914.0,651.0,28.0,33.69,2,200,809,33.661915
810,144.0,0.0,175.0,158.0,18.0,943.0,844.0,28.0,15.42,1,307,810,15.455856
811,304.0,140.0,0.0,214.0,6.0,895.0,722.0,28.0,33.42,2,201,811,33.650417
812,374.0,0.0,0.0,190.0,7.0,1013.0,730.0,28.0,39.05,0,302,812,38.75951
813,159.0,149.0,116.0,175.0,15.0,953.0,720.0,28.0,27.68,2,202,813,27.661276
814,153.0,239.0,0.0,200.0,6.0,1002.0,684.0,28.0,26.86,2,203,814,26.510498
815,310.0,143.0,0.0,168.0,10.0,914.0,804.0,28.0,45.3,2,204,815,45.109264
816,305.0,0.0,100.0,196.0,10.0,959.0,705.0,28.0,30.12,0,303,816,30.13295
817,151.0,0.0,184.0,167.0,12.0,991.0,772.0,28.0,15.57,1,308,817,15.733944
818,142.0,167.0,130.0,174.0,11.0,883.0,785.0,28.0,44.61,2,205,818,43.76584
819,298.0,137.0,107.0,201.0,6.0,878.0,655.0,28.0,53.52,2,206,819,52.307053
820,321.0,164.0,0.0,190.0,5.0,870.0,774.0,28.0,57.21,2,207,820,56.367523
821,366.0,187.0,0.0,191.0,7.0,824.0,757.0,28.0,65.91,2,208,821,63.577824
822,280.0,129.0,100.0,172.0,9.0,825.0,805.0,28.0,52.82,2,209,822,52.31815
823,252.0,97.0,76.0,194.0,8.0,835.0,821.0,28.0,33.4,2,210,823,33.239544
824,165.0,0.0,150.0,182.0,12.0,1023.0,729.0,28.0,18.03,1,309,824,18.147436
825,156.0,243.0,0.0,180.0,11.0,1022.0,698.0,28.0,37.36,2,211,825,35.65046
826,160.0,188.0,146.0,203.0,11.0,829.0,710.0,28.0,32.84,2,212,826,32.865734
827,298.0,0.0,107.0,186.0,6.0,879.0,815.0,28.0,42.64,1,310,827,27.287825
828,318.0,0.0,126.0,210.0,6.0,861.0,737.0,28.0,40.06,0,304,828,33.51671
829,287.0,121.0,94.0,188.0,9.0,904.0,696.0,28.0,41.94,2,213,829,41.894077
830,326.0,166.0,0.0,174.0,9.0,882.0,790.0,28.0,61.23,2,214,830,60.84491
831,356.0,0.0,142.0,193.0,11.0,801.0,778.0,28.0,40.87,0,305,831,40.19885
832,132.0,207.0,161.0,179.0,5.0,867.0,736.0,28.0,33.3,2,215,832,32.74731
833,322.0,149.0,0.0,186.0,8.0,951.0,709.0,28.0,52.42,2,216,833,52.157963
834,164.0,0.0,200.0,181.0,13.0,849.0,846.0,28.0,15.09,1,311,834,15.023863
835,314.0,0.0,113.0,170.0,10.0,925.0,783.0,28.0,38.46,1,312,835,38.46465
836,321.0,0.0,128.0,182.0,11.0,870.0,780.0,28.0,37.26,0,306,836,37.082375
837,140.0,164.0,128.0,237.0,6.0,869.0,656.0,28.0,35.23,2,217,837,34.835964
838,288.0,121.0,0.0,177.0,7.0,908.0,829.0,28.0,42.13,2,218,838,42.016388
839,298.0,0.0,107.0,210.0,11.0,880.0,744.0,28.0,31.87,0,307,839,31.407806
840,265.0,111.0,86.0,195.0,6.0,833.0,790.0,28.0,41.54,2,219,840,40.931705
841,160.0,250.0,0.0,168.0,12.0,1049.0,688.0,28.0,39.45,2,220,841,39.219505
842,166.0,260.0,0.0,183.0,13.0,859.0,827.0,28.0,37.91,2,221,842,37.64006
843,276.0,116.0,90.0,180.0,9.0,870.0,768.0,28.0,44.28,2,222,843,43.667976
844,322.0,0.0,116.0,196.0,10.0,818.0,813.0,28.0,31.18,0,308,844,31.100729
845,149.0,139.0,109.0,193.0,6.0,892.0,780.0,28.0,23.69,2,223,845,23.748438
846,159.0,187.0,0.0,176.0,11.0,990.0,789.0,28.0,32.76,2,224,846,32.560406
847,261.0,100.0,78.0,201.0,9.0,864.0,761.0,28.0,32.4,2,225,847,32.33454
848,237.0,92.0,71.0,247.0,6.0,853.0,695.0,28.0,28.63,2,226,848,28.54691
849,313.0,0.0,113.0,178.0,8.0,1002.0,689.0,28.0,36.8,0,309,849,29.45724
850,155.0,183.0,0.0,193.0,9.0,1047.0,697.0,28.0,18.28,2,227,850,18.49993
851,146.0,230.0,0.0,202.0,3.0,827.0,872.0,28.0,33.06,2,228,851,32.55765
852,296.0,0.0,107.0,221.0,11.0,819.0,778.0,28.0,31.42,0,310,852,31.157854
853,133.0,210.0,0.0,196.0,3.0,949.0,795.0,28.0,31.03,2,229,853,28.954268
854,313.0,145.0,0.0,178.0,8.0,867.0,824.0,28.0,44.39,2,230,854,44.21813
855,152.0,0.0,112.0,184.0,8.0,992.0,816.0,28.0,12.18,1,313,855,12.193685
856,153.0,145.0,113.0,178.0,8.0,1002.0,689.0,28.0,25.56,2,231,856,25.489288
857,140.0,133.0,103.0,200.0,7.0,916.0,753.0,28.0,36.44,2,232,857,35.354366
858,149.0,236.0,0.0,176.0,13.0,847.0,893.0,28.0,32.96,2,233,858,32.792446
859,300.0,0.0,120.0,212.0,10.0,878.0,728.0,28.0,23.84,0,311,859,23.739307
860,153.0,145.0,113.0,178.0,8.0,867.0,824.0,28.0,26.23,2,234,860,25.96926
861,148.0,0.0,137.0,158.0,16.0,1002.0,830.0,28.0,17.95,1,314,861,17.956764
862,326.0,0.0,138.0,199.0,11.0,801.0,792.0,28.0,40.68,0,312,862,38.247284
863,153.0,145.0,0.0,178.0,8.0,1000.0,822.0,28.0,19.01,2,235,863,19.130037
864,262.0,111.0,86.0,195.0,5.0,895.0,733.0,28.0,33.72,2,236,864,34.17603
865,158.0,0.0,195.0,220.0,11.0,898.0,713.0,28.0,8.54,1,315,865,8.535187
866,151.0,0.0,185.0,167.0,16.0,1074.0,678.0,28.0,13.46,1,316,866,13.477119
867,273.0,0.0,90.0,199.0,11.0,931.0,762.0,28.0,32.24,1,317,867,32.210556
868,149.0,118.0,92.0,183.0,7.0,953.0,780.0,28.0,23.52,2,237,868,23.541153
869,143.0,169.0,143.0,191.0,8.0,967.0,643.0,28.0,29.72,2,238,869,28.903341
870,260.0,101.0,78.0,171.0,10.0,936.0,763.0,28.0,49.77,2,239,870,48.583374
871,313.0,161.0,0.0,178.0,10.0,917.0,759.0,28.0,52.44,2,240,871,52.187912
872,284.0,120.0,0.0,168.0,7.0,970.0,794.0,28.0,40.93,2,241,872,40.683
873,336.0,0.0,0.0,182.0,3.0,986.0,817.0,28.0,44.86,0,313,873,43.64565
874,145.0,0.0,134.0,181.0,11.0,979.0,812.0,28.0,13.2,1,318,874,13.27632
875,150.0,237.0,0.0,174.0,12.0,1069.0,675.0,28.0,37.43,2,242,875,37.03887
876,144.0,170.0,133.0,192.0,8.0,814.0,805.0,28.0,29.87,2,243,876,29.868456
877,331.0,170.0,0.0,195.0,8.0,811.0,802.0,28.0,56.61,2,244,877,56.352104
878,155.0,0.0,143.0,193.0,9.0,1047.0,697.0,28.0,12.46,1,319,878,11.999704
879,155.0,183.0,0.0,193.0,9.0,877.0,868.0,28.0,23.79,2,245,879,23.673107
880,135.0,0.0,166.0,180.0,10.0,961.0,805.0,28.0,13.29,1,320,880,13.201307
881,266.0,112.0,87.0,178.0,10.0,910.0,745.0,28.0,39.42,2,246,881,39.681263
882,314.0,145.0,113.0,179.0,8.0,869.0,690.0,28.0,46.23,2,247,882,45.755558
883,313.0,145.0,0.0,127.0,8.0,1000.0,822.0,28.0,44.52,2,248,883,44.192795
884,146.0,173.0,0.0,182.0,3.0,986.0,817.0,28.0,23.74,2,249,884,23.569443
885,144.0,136.0,106.0,178.0,7.0,941.0,774.0,28.0,26.14,2,250,885,26.082235
886,148.0,0.0,182.0,181.0,15.0,839.0,884.0,28.0,15.52,1,321,886,15.519759
887,277.0,117.0,91.0,191.0,7.0,946.0,666.0,28.0,43.57,2,251,887,43.370937
888,298.0,0.0,107.0,164.0,13.0,953.0,784.0,28.0,35.86,1,322,888,35.86186
889,313.0,145.0,0.0,178.0,8.0,1002.0,689.0,28.0,41.05,2,252,889,40.982483
890,155.0,184.0,143.0,194.0,9.0,880.0,699.0,28.0,28.99,2,253,890,27.661243
891,289.0,134.0,0.0,195.0,6.0,924.0,760.0,28.0,46.24,2,254,891,45.79377
892,148.0,175.0,0.0,171.0,2.0,1000.0,828.0,28.0,26.92,2,255,892,26.74846
893,145.0,0.0,179.0,202.0,8.0,824.0,869.0,28.0,10.54,1,323,893,10.5441675
894,313.0,0.0,0.0,178.0,8.0,1000.0,822.0,28.0,25.1,0,314,894,24.910543
895,136.0,162.0,126.0,172.0,10.0,923.0,764.0,28.0,29.07,2,256,895,28.871716
896,155.0,0.0,143.0,193.0,9.0,877.0,868.0,28.0,9.74,1,324,896,9.812363
897,255.0,99.0,77.0,189.0,6.0,919.0,749.0,28.0,33.8,2,257,897,33.687202
898,162.0,207.0,172.0,216.0,10.0,822.0,638.0,28.0,39.84,2,258,898,38.10695
899,136.0,196.0,98.0,199.0,6.0,847.0,783.0,28.0,26.97,2,259,899,27.166637
900,164.0,163.0,128.0,197.0,8.0,961.0,641.0,28.0,27.23,2,260,900,27.5669
901,162.0,214.0,164.0,202.0,10.0,820.0,680.0,28.0,30.65,2,261,901,34.79995
902,157.0,214.0,152.0,200.0,9.0,819.0,704.0,28.0,33.05,2,262,902,32.902428
903,149.0,153.0,194.0,192.0,8.0,935.0,623.0,28.0,24.58,2,263,903,24.470604
904,135.0,105.0,193.0,196.0,6.0,965.0,643.0,28.0,21.91,2,264,904,21.87756
905,159.0,209.0,161.0,201.0,7.0,848.0,669.0,28.0,30.88,2,265,905,32.864162
906,144.0,15.0,195.0,176.0,6.0,1021.0,709.0,28.0,15.34,1,325,906,16.549408
907,154.0,174.0,185.0,228.0,7.0,845.0,612.0,28.0,24.34,2,266,907,24.200943
908,167.0,187.0,195.0,185.0,7.0,898.0,636.0,28.0,23.89,2,267,908,23.91081
909,184.0,86.0,190.0,213.0,6.0,923.0,623.0,28.0,22.93,2,268,909,22.891005
910,156.0,178.0,187.0,221.0,7.0,854.0,614.0,28.0,29.41,2,269,910,28.920713
911,236.9,91.7,71.5,246.9,6.0,852.9,695.4,28.0,28.63,2,270,911,28.54691
912,313.3,0.0,113.0,178.5,8.0,1001.9,688.7,28.0,36.8,0,315,912,36.15399
913,154.8,183.4,0.0,193.3,9.1,1047.4,696.7,28.0,18.29,2,271,913,18.137445
914,145.9,230.5,0.0,202.5,3.4,827.0,871.8,28.0,32.72,2,272,914,32.307785
915,296.0,0.0,106.7,221.4,10.5,819.2,778.4,28.0,31.42,0,316,915,31.157854
916,133.1,210.2,0.0,195.7,3.1,949.4,795.3,28.0,28.94,2,273,916,28.954268
917,313.3,145.0,0.0,178.5,8.0,867.2,824.0,28.0,40.93,2,274,917,45.06276
918,151.6,0.0,111.9,184.4,7.9,992.0,815.9,28.0,12.18,1,326,918,12.193685
919,153.1,145.0,113.0,178.5,8.0,1001.9,688.7,28.0,25.56,2,275,919,25.489288
920,139.9,132.6,103.3,200.3,7.4,916.0,753.4,28.0,36.44,2,276,920,35.354366
921,149.5,236.0,0.0,175.8,12.6,846.8,892.7,28.0,32.96,2,277,921,32.792446
922,299.8,0.0,119.8,211.5,9.9,878.2,727.6,28.0,23.84,0,317,922,23.739307
923,153.1,145.0,113.0,178.5,8.0,867.2,824.0,28.0,26.23,2,278,923,26.07438
924,148.1,0.0,136.6,158.1,16.1,1001.8,830.1,28.0,17.96,1,327,924,17.876284
925,326.5,0.0,137.9,199.0,10.8,801.1,792.5,28.0,38.63,0,318,925,38.247284
926,152.7,144.7,0.0,178.1,8.0,999.7,822.2,28.0,19.01,2,279,926,19.090967
927,261.9,110.5,86.1,195.4,5.0,895.2,732.6,28.0,33.72,2,280,927,34.17603
928,158.4,0.0,194.9,219.7,11.0,897.7,712.9,28.0,8.54,1,328,928,8.535187
929,150.7,0.0,185.3,166.7,15.6,1074.5,678.0,28.0,13.46,1,329,929,13.972248
930,272.6,0.0,89.6,198.7,10.6,931.3,762.2,28.0,32.25,1,330,930,32.210556
931,149.0,117.6,91.7,182.9,7.1,953.4,780.3,28.0,23.52,2,281,931,23.541153
932,143.0,169.4,142.7,190.7,8.4,967.4,643.5,28.0,29.73,2,282,932,29.685892
933,259.9,100.6,78.4,170.6,10.4,935.7,762.9,28.0,49.77,2,283,933,48.583374
934,312.9,160.5,0.0,177.6,9.6,916.6,759.5,28.0,52.45,2,284,934,52.187912
935,284.0,119.7,0.0,168.3,7.2,970.4,794.2,28.0,40.93,2,285,935,40.683
936,336.5,0.0,0.0,181.9,3.4,985.8,816.8,28.0,44.87,0,319,936,44.961872
937,144.8,0.0,133.6,180.8,11.1,979.5,811.5,28.0,13.2,1,331,937,13.244013
938,150.0,236.8,0.0,173.8,11.9,1069.3,674.8,28.0,37.43,2,286,938,37.03887
939,143.7,170.2,132.6,191.6,8.5,814.1,805.3,28.0,29.87,2,287,939,29.868456
940,330.5,169.6,0.0,194.9,8.1,811.0,802.3,28.0,56.62,2,288,940,56.352104
941,154.8,0.0,142.8,193.3,9.1,1047.4,696.7,28.0,12.46,1,332,941,12.299974
942,154.8,183.4,0.0,193.3,9.1,877.2,867.7,28.0,23.79,2,289,942,23.799875
943,134.7,0.0,165.7,180.2,10.0,961.0,804.9,28.0,13.29,1,333,943,13.230629
944,266.2,112.3,87.5,177.9,10.4,909.7,744.5,28.0,39.42,2,290,944,39.681263
945,314.0,145.3,113.2,178.9,8.0,869.1,690.2,28.0,46.23,2,291,945,45.755558
946,312.7,144.7,0.0,127.3,8.0,999.7,822.2,28.0,44.52,2,292,946,44.192795
947,145.7,172.6,0.0,181.9,3.4,985.8,816.8,28.0,23.74,2,293,947,23.66251
948,143.8,136.3,106.2,178.1,7.5,941.5,774.3,28.0,26.15,2,294,948,26.082235
949,148.1,0.0,182.1,181.4,15.0,838.9,884.3,28.0,15.53,1,334,949,15.519759
950,277.0,116.8,91.0,190.6,7.0,946.5,665.6,28.0,43.58,2,295,950,43.370937
951,298.1,0.0,107.5,163.6,12.8,953.2,784.0,28.0,35.87,1,335,951,35.702656
952,313.3,145.0,0.0,178.5,8.0,1001.9,688.7,28.0,41.05,2,296,952,41.725975
953,155.2,183.9,143.2,193.8,9.2,879.6,698.5,28.0,28.99,2,297,953,26.633497
954,289.0,133.7,0.0,194.9,5.5,924.1,760.1,28.0,46.25,2,298,954,45.79377
955,147.8,175.1,0.0,171.2,2.2,1000.0,828.5,28.0,26.92,2,299,955,26.795788
956,145.4,0.0,178.9,201.7,7.8,824.0,868.7,28.0,10.54,1,336,956,10.588096
957,312.7,0.0,0.0,178.1,8.0,999.7,822.2,28.0,25.1,0,320,957,24.910543
958,136.4,161.6,125.8,171.6,10.4,922.6,764.4,28.0,29.07,2,300,958,28.871716
959,154.8,0.0,142.8,193.3,9.1,877.2,867.7,28.0,9.74,1,337,959,9.85284
960,255.3,98.8,77.0,188.6,6.5,919.0,749.3,28.0,33.8,2,301,960,33.7326
961,272.8,105.1,81.8,209.7,9.0,904.0,679.7,28.0,37.17,2,302,961,36.896633
962,162.0,190.1,148.1,178.8,18.8,838.1,741.4,28.0,33.76,2,303,962,33.657825
963,153.6,144.2,112.3,220.1,10.1,923.2,657.9,28.0,16.5,2,304,963,16.641275
964,146.5,114.6,89.3,201.9,8.8,860.0,829.5,28.0,19.99,2,305,964,19.985384
965,151.8,178.1,138.7,167.5,18.3,944.0,694.6,28.0,36.35,2,306,965,35.739567
966,309.9,142.8,111.2,167.8,22.1,913.9,651.2,28.0,38.22,2,307,966,37.634773
967,143.6,0.0,174.9,158.4,17.9,942.7,844.5,28.0,15.42,1,338,967,15.4029045
968,303.6,139.9,0.0,213.5,6.2,895.5,722.5,28.0,33.42,2,308,968,33.650417
969,374.3,0.0,0.0,190.2,6.7,1013.2,730.4,28.0,39.06,0,321,969,38.75951
970,158.6,148.9,116.0,175.1,15.0,953.3,719.7,28.0,27.68,2,309,970,27.661276
971,152.6,238.7,0.0,200.0,6.3,1001.8,683.9,28.0,26.86,2,310,971,27.070042
972,310.0,142.8,0.0,167.9,10.0,914.3,804.0,28.0,45.3,2,311,972,45.109264
973,304.8,0.0,99.6,196.0,9.8,959.4,705.2,28.0,30.12,0,322,973,30.13295
974,150.9,0.0,183.9,166.6,11.6,991.2,772.2,28.0,15.57,1,339,974,15.529147
975,141.9,166.6,129.7,173.5,10.9,882.6,785.3,28.0,44.61,2,312,975,43.76584
976,297.8,137.2,106.9,201.3,6.0,878.4,655.3,28.0,53.52,2,313,976,52.307053
977,321.3,164.2,0.0,190.5,4.6,870.0,774.0,28.0,57.22,2,314,977,56.367523
978,366.0,187.0,0.0,191.3,6.6,824.3,756.9,28.0,65.91,2,315,978,63.577824
979,279.8,128.9,100.4,172.4,9.5,825.1,804.9,28.0,52.83,2,316,979,52.31815
980,252.1,97.1,75.6,193.8,8.3,835.5,821.4,28.0,33.4,2,317,980,33.273212
981,164.6,0.0,150.4,181.6,11.7,1023.3,728.9,28.0,18.03,1,340,981,18.147436
982,155.6,243.5,0.0,180.3,10.7,1022.0,697.7,28.0,37.36,2,318,982,35.65046
983,160.2,188.0,146.4,203.2,11.3,828.7,709.7,28.0,35.31,2,319,983,32.865734
984,298.1,0.0,107.0,186.4,6.1,879.0,815.2,28.0,42.64,1,341,984,27.287825
985,317.9,0.0,126.5,209.7,5.7,860.5,736.6,28.0,40.06,0,323,985,33.51671
986,287.3,120.5,93.9,187.6,9.2,904.4,695.9,28.0,43.8,2,320,986,42.822697
987,325.6,166.4,0.0,174.0,8.9,881.6,790.0,28.0,61.24,2,321,987,60.84491
988,355.9,0.0,141.6,193.3,11.0,801.4,778.4,28.0,40.87,0,324,988,40.19885
989,132.0,206.5,160.9,178.9,5.5,866.9,735.6,28.0,33.31,2,322,989,32.74731
990,322.5,148.6,0.0,185.8,8.5,951.0,709.5,28.0,52.43,2,323,990,52.157963
991,164.2,0.0,200.1,181.2,12.6,849.3,846.0,28.0,15.09,1,342,991,15.101339
992,313.8,0.0,112.6,169.9,10.1,925.3,782.9,28.0,38.46,1,343,992,38.46465
993,321.4,0.0,127.9,182.5,11.5,870.1,779.7,28.0,37.27,0,325,993,37.77633
994,139.7,163.9,127.7,236.7,5.8,868.6,655.6,28.0,35.23,2,324,994,34.859547
995,288.4,121.0,0.0,177.4,7.0,907.9,829.5,28.0,42.14,2,325,995,42.016388
996,298.2,0.0,107.0,209.7,11.1,879.6,744.2,28.0,31.88,0,326,996,31.407806
997,264.5,111.0,86.5,195.5,5.9,832.6,790.4,28.0,41.54,2,326,997,40.931705
998,159.8,250.0,0.0,168.4,12.2,1049.3,688.2,28.0,39.46,2,327,998,39.357716
999,166.0,259.7,0.0,183.2,12.7,858.8,826.8,28.0,37.92,2,328,999,37.64006
1000,276.4,116.0,90.3,179.6,8.9,870.1,768.3,28.0,44.28,2,329,1000,43.667976
1001,322.2,0.0,115.6,196.0,10.4,817.9,813.4,28.0,31.18,0,327,1001,31.100729
1002,148.5,139.4,108.6,192.7,6.1,892.4,780.0,28.0,23.7,2,330,1002,23.748438
1003,159.1,186.7,0.0,175.6,11.3,989.6,788.9,28.0,32.77,2,331,1003,32.691467
1004,260.9,100.5,78.3,200.6,8.6,864.5,761.5,28.0,32.4,2,332,1004,32.33454
